Wavelength,I1,I1 dark,R1,R1dark,XCorrect,I1c,R1c,I1c/R1c,Abs,Percent T
nm,uA,uA,uA,uA,,uA,uA,uA/uA,OD,T*100
,Abs Detector Raw,Dark Offset for Abs Detector,Ref Detector Raw,Dark Offset for Ref Detector,Linear interp,Dark subtracted Abs Detector,Corrected Ref Detector,Corrected Intensity ,-Log(T),% Transmittance
800,0.141640855909861,2.46653390852495E-4,0.208342652518334,0.00496929428213037,1.35067892074585,0.141394202519009,0.274692108010934,0.514737039745533,4.867457386136E-4,99.8879854350214
798,0.14684507723306,,0.21616376920156,,1.34199333190918,0.146598423842208,0.283421577077935,0.517245106578094,3.58782945768366E-4,99.9174212887455
796,0.159839305773057,,0.235141468939571,,1.33337259292603,0.159592652382204,0.306905269342414,0.520006230991579,3.44095727589485E-4,99.9208004101535
794,0.165650967660845,,0.24322963060464,,1.32502686977386,0.165404314269993,0.315701347628684,0.523926538522525,3.28310648536858E-4,99.9244322463002
792,0.157636405543822,,0.231483217458828,,1.31713449954987,0.15738975215297,0.298349302844416,0.527535176561299,3.69329612160158E-4,99.9149948639173
790,0.149722381909063,,0.220267959782694,,1.30966234207153,0.149475728518211,0.281968554504344,0.530114887388649,2.69996785220827E-4,99.9378502636737
788,0.14950396691665,,0.220325527073724,,1.30193436145782,0.149257313525797,0.280379679425486,0.532339982097254,3.78499219058105E-4,99.9128853009541
786,0.153441909634679,,0.226082359020936,,1.29363858699799,0.153195256243827,0.286040392635503,0.535572108653344,3.52778607807103E-4,99.9188027065113
784,0.157857426661103,,0.232524964662307,,1.28498160839081,0.15761077327025,0.292404851323568,0.539015589368052,2.70477017425812E-4,99.9377397549069
782,0.164658023939227,,0.242463213829138,,1.27644824981689,0.164411370548374,0.303148697947933,0.542345626622526,2.71005793466844E-4,99.9376180756031
780,0.175401055131041,,0.258132769430588,,1.268270611763,0.175154401740189,0.321079795502582,0.545516735072108,1.36799842838986E-4,99.9685056326329
778,0.189271758429498,,0.278301098131128,,1.26044166088104,0.189025105038646,0.344518792815042,0.548664133802785,1.49500863934857E-4,99.9655820782575
776,0.206762119840323,,0.303695512702508,,1.25292003154755,0.206515466449471,0.374280063007339,0.551767210869101,1.68212610017059E-4,99.9612751151919
774,0.235525717747851,,0.345378089135074,,1.24577045440674,0.235279064356998,0.424071219048002,0.554810262495947,4.41003283572027E-5,99.9898460396823
772,0.308934621797174,,0.45251824587249,,1.23883104324341,0.308687968406322,0.554437534601179,0.556758785511101,1.48182086818647E-4,99.9658856338579
770,0.405240526945192,,0.592293472364757,,1.23221707344055,0.404993873554339,0.723710879877852,0.559607275246013,-5.39537769386656E-5,100.012424087975
768,0.442170300357198,,0.643258280815897,,1.22665858268738,0.441923646966346,0.782962663566473,0.564424930498396,1.41293742119344E-4,99.9674712053263
766,0.390846225855248,,0.567023828911043,,1.22236526012421,0.390599572464395,0.68703593742566,0.568528589534895,8.0885240362673E-5,99.9813772193849
764,0.334229846076593,,0.485741463513174,,1.2186872959137,0.33398319268574,0.585910934870743,0.570023825821615,6.85235482277266E-5,99.9842231146147
762,0.321564018185308,,0.468613335224681,,1.214359998703,0.321317364794456,0.563030776957651,0.570692363445389,-5.89357769736965E-5,100.01357138498
760,0.333931929512842,,0.486532318307378,,1.20898902416229,0.333685276121989,0.582204410488926,0.573141099775877,-9.66691084114566E-5,100.022261362272
758,0.355170438949461,,0.517116250069936,,1.2031888961792,0.354923785558609,0.616209530415867,0.575979059134444,-8.02406876119656E-5,100.018477808051
756,0.380984244693482,,0.554094475935362,,1.19780671596527,0.38073759130263,0.65774583048989,0.578852154819523,-1.44809795497638E-4,100.033349247269
754,0.405168393156418,,0.588543253873883,,1.1931779384613,0.404921739765565,0.696307574045388,0.581527122293188,-6.6276996429249E-5,100.015262006924
752,0.42880941753705,,0.622091740678307,,1.18890511989594,0.428562764146198,0.733700036123119,0.584111684675293,-6.94473631244467E-5,100.015992124912
750,0.463882316566828,,0.672087802490251,,1.1848680973053,0.463635663175975,0.790447437497705,0.586548379034149,-2.24129251178918E-4,100.051620986315
748,0.511843338714052,,0.740660376068788,,1.18107759952545,0.5115966853232,0.868908256868868,0.588781014887292,-2.23375051854075E-4,100.051447236008
746,0.567341552603621,,0.8194326593844,,1.17750906944275,0.567094899212768,0.959037999136784,0.591316402189696,-1.56051430226062E-4,100.035938626075
744,0.615036799910598,,0.886206546446686,,1.174187541008,0.614790146519746,1.03473780216374,0.594150658489674,-2.06019228157052E-4,100.047448933809
742,0.671488655764129,,0.965135531421829,,1.17108881473541,0.671242002373277,1.12443994060089,0.596956740983935,-1.98593437107641E-4,100.045738285551
740,0.762601182560706,,1.09382963552185,,1.16803753376007,0.762354529169854,1.27182974759079,0.599415551188333,-2.30625040829336E-4,100.053117480448
738,0.873260040761113,,1.2492614415414,,1.16498303413391,0.873013387370261,1.4495792410631,0.602252959093153,-1.02815995091183E-4,100.023677060335
736,0.952192337198645,,1.35761288153814,,1.16204738616943,0.951945683807793,1.57183594498969,0.605626615705138,-1.09721900766271E-4,100.025267593027
734,0.982001009259711,,1.39652528006429,,1.15931880474091,0.981754355868859,1.61325702216703,0.608554211994134,-1.53548620539297E-4,100.035362127397
732,0.985391383391672,,1.40057200734304,,1.15665113925934,0.985144730000819,1.61422546801533,0.610289423330709,-6.15912575140746E-5,100.014182916822
730,0.983055002480597,,1.39870952566103,,1.15388596057892,0.982808349089745,1.60821728568213,0.611116643154899,-5.6843143483434E-5,100.013089474079
728,0.985637102690006,,1.40520182910189,,1.15089321136475,0.985390449299154,1.61151811865611,0.611467186059874,-1.04289341770017E-4,100.024016391846
726,0.997467087994299,,1.42617013346146,,1.1476241350174,0.997220434603446,1.63100438374918,0.611414932135954,-1.02983440787885E-4,100.023715625268
724,1.01383491873944,,1.45362884062713,,1.14410185813904,1.01358826534859,1.65741407878417,0.611548000178765,-4.38536658488289E-5,100.010098189559
722,1.01576006277472,,1.45928847927639,,1.14027833938599,1.01551340938387,1.65832866520244,0.612371618903361,-8.08249497309221E-5,100.018612364325
720,0.988039919758042,,1.42104228436086,,1.13600122928619,0.987793266367189,1.60866065748841,0.614047009708948,-8.80679891212112E-6,100.00202786095
718,0.919027197560659,,1.32223235189435,,1.13137769699097,0.918780544169806,1.4903220444526,0.616497989538415,9.84076822438465E-5,99.9773433607872
716,0.804256540975803,,1.15674132533394,,1.12621939182281,0.80400988758495,1.2971479963297,0.619828955415964,9.74236790503466E-5,99.977569884818
714,0.672869868221989,,0.968276850989355,,1.12039887905121,0.672623214831137,1.07928870671633,0.623209721963598,1.61513472286871E-4,99.9628170632075
712,0.549732846008942,,0.793280500065071,,1.11375534534454,0.54948619261809,0.877985819235752,0.625848596388941,1.29641515010802E-4,99.9701533929965
710,0.455879144601737,,0.661589511211399,,1.10628998279572,0.455632491210884,0.72641236849,0.62723669223586,7.4100313711493E-5,99.9829392277415
708,0.386126132490319,,0.565158734924354,,1.09837675094604,0.385879479099467,0.615299057726888,0.627141345746618,2.02577573538344E-4,99.9533656670864
706,0.335440042910136,,0.496070146333231,,1.09038031101227,0.335193389519284,0.535486699797869,0.625960251946144,4.97773067243582E-5,99.9885390083785
704,0.299041473414464,,0.447646505779652,,1.0826700925827,0.298794820023612,0.479273377556275,0.623432959174805,-6.33269828225577E-6,100.001458168297
702,0.279511583966135,,0.423202127520394,,1.07555782794952,0.279264930575282,0.449833597694922,0.620818302604156,-9.9395419831906E-5,100.022889260393
700,0.271127503189089,,0.414532835257671,,1.0694442987442,0.270880849798236,0.438005393869779,0.618441812793681,8.68809961160865E-5,99.9799969122323
698,0.27907168253967,,0.428977711908937,,1.0649927854538,0.278825029148817,0.451565905744229,0.617462535594409,2.30191979548995E-5,99.9946997742606
696,0.300937302569487,,0.463141384562953,,1.06259047985077,0.300690649178634,0.486849301265729,0.617625717849214,4.17630696377117E-5,99.990384160193
694,0.329040598050453,,0.505637203484944,,1.06203079223633,0.328793944659601,0.531724736257971,0.618353674823365,9.35607289716438E-5,99.9784591663888
692,0.352667382318838,,0.540732885107404,,1.06277585029602,0.352420728927986,0.56939660579698,0.618937179006723,3.12958249442497E-5,99.9927941296364
690,0.36870396276013,,0.564611669496853,,1.06392598152161,0.368457309369278,0.595418063351407,0.618821181365167,1.45030721601585E-4,99.9666110176032
688,0.379977240302975,,0.581574029048215,,1.06461536884308,0.379730586912122,0.613862262379661,0.618592492459273,6.6204456482266E-5,99.9847570224013
686,0.384813163745566,,0.588809040310809,,1.0645604133606,0.384566510354713,0.621532681368636,0.618739000993294,4.35856180434208E-5,99.989964544148
684,0.381019213260237,,0.583263064380822,,1.06376242637634,0.380772559869385,0.615167184038507,0.618974109395195,1.91365509510124E-4,99.9559461695996
682,0.3772995257751,,0.577992871225611,,1.06245732307434,0.377052872384248,0.608813095617854,0.619324510425644,8.27945318071945E-5,99.9809376716207
680,0.380047083137169,,0.582669017141984,,1.06094348430634,0.379800429746316,0.612906756853738,0.619670815338964,5.31375455717502E-5,99.9877653764599
678,0.387692507606131,,0.594789471805467,,1.05921316146851,0.387445854215278,0.624745294932409,0.620166101862673,8.26480199197673E-5,99.9809714008044
676,0.39492354609042,,0.606332253436591,,1.05730748176575,0.394676892699568,0.6358255559708,0.62073140815638,1.45716148016336E-4,99.9664532451595
674,0.402175138773847,,0.617690225803316,,1.05524814128876,0.401928485382994,0.646572624116447,0.621629296372139,4.7105472475831E-5,99.9891541523325
672,0.408122583513266,,0.627308372432364,,1.05312037467957,0.407875930122413,0.65539796315931,0.622333228129471,1.50844593999892E-5,99.9965267351842
670,0.413821450067643,,0.636540013020476,,1.0509113073349,0.41357479667679,0.663724809703758,0.623111853934437,4.73255569873558E-5,99.98910348151
668,0.417943964699607,,0.643340777153458,,1.0485315322876,0.417697311308755,0.669352629103779,0.624031778089861,8.56336819373431E-5,99.9802840598983
666,0.421198822474687,,0.648740626680221,,1.04595601558685,0.420952169083835,0.673356497784147,0.625154981750509,4.71340613101432E-5,99.9891475702243
664,0.424610211926388,,0.654492766854991,,1.04322910308838,0.424363558535536,0.677601789727035,0.626272782878107,1.10503971789292E-4,99.9745587570174
662,0.429596898613005,,0.662583508094634,,1.04042720794678,0.429350245222153,0.684199720383059,0.627521807494711,1.15037434208727E-4,99.9735151597387
660,0.437088729332581,,0.674409589285173,,1.03775990009308,0.436842075941729,0.694718293660638,0.628804624734873,8.64365440063181E-5,99.980099230694
658,0.446598135117337,,0.689439717093768,,1.03528940677643,0.446351481726485,0.708624977988671,0.629883923924596,9.9920065868396E-5,99.9769952010938
656,0.459933507073329,,0.710376943877782,,1.03309750556946,0.459686853682477,0.728754883206882,0.630783908657499,1.39875581109776E-4,99.9677976432786
654,0.477484555587183,,0.737761450909473,,1.03115320205688,0.477237902196331,0.755620978748454,0.63158371143531,1.36466688846739E-4,99.9685823200441
652,0.493678612529311,,0.762960710757512,,1.02945709228516,0.493431959138458,0.780319639581853,0.632345944032463,1.26984213793099E-4,99.9707650784637
650,0.501695474069543,,0.775509613295259,,1.02793705463409,0.50144882067869,0.792066946003171,0.633088936748387,1.11932124830972E-4,99.9742299968296
648,0.503597649354911,,0.778679085938845,,1.02666783332825,0.503350995964058,0.794342955425049,0.633669616538259,6.99233835750133E-5,99.9839008419864
646,0.505019811824814,,0.781367654653688,,1.02560043334961,0.504773158433961,0.796274494848996,0.633918531485409,9.60047031128387E-5,99.9778965433495
644,0.510181769812,,0.789895865679181,,1.02465677261353,0.509935116421148,0.804280327386302,0.634026593785157,1.93239892440034E-4,99.9555147680443
642,0.519960421811501,,0.805333903642396,,1.02378344535828,0.519713768420648,0.819400037313684,0.634261343365903,1.63968714290091E-4,99.9622519346514
640,0.533128706365817,,0.826089992121471,,1.02288675308228,0.532882052974964,0.839913484501535,0.63444874121912,1.7893156820312E-4,99.9588079700861
638,0.547618806100397,,0.848802256129838,,1.02184903621674,0.547372152709545,0.862269898791994,0.634803735438744,1.27688691110518E-4,99.9706029141208
636,0.562439370006021,,0.872118388849171,,1.02063095569611,0.562192716615169,0.885039209118972,0.635217864725805,2.32752294443545E-4,99.9464211622337
634,0.576636982253978,,0.894287863247891,,1.01923584938049,0.576390328863125,0.906425367009662,0.635893863787885,1.59500232811826E-4,99.9632804574346
632,0.589696781701305,,0.914827943732223,,1.0177036523819,0.589450128310453,0.92596647069662,0.636578263861973,2.22386448885334E-4,99.9488067360165
630,0.603095545380676,,0.93586439079172,,1.01619136333466,0.602848891989824,0.945967557243626,0.637282840593829,2.14937469190629E-4,99.9505210636166
628,0.618177418489358,,0.959563790721436,,1.01451146602631,0.617930765098505,0.968447062043284,0.638063544531551,2.09553862657236E-4,99.9517600791597
626,0.634074166777888,,0.984540011324761,,1.01275491714478,0.633827513387036,0.992065060375958,0.638897123487886,2.44116272063018E-4,99.9438059458751
624,0.649819918057745,,1.0091634194295,,1.01092803478241,0.649573264666892,1.01516799347527,0.639867754737992,2.39574360503648E-4,99.9448511774405
622,0.662294632973718,,1.02877252060847,,1.0092089176178,0.662047979582866,1.03323134589441,0.640754834058744,3.04225730871805E-4,99.929973966398
620,0.671385120913469,,1.04309075449901,,1.00772297382355,0.671138467522616,1.04613884507979,0.641538616675137,2.7148881467918E-4,99.9375069253016
618,0.679870562163742,,1.05656591893491,,1.0068142414093,0.67962390877289,1.05876245791837,0.641904049100019,3.17837221446806E-4,99.9268420486778
616,0.687434922179904,,1.06857227447775,,1.00664889812469,0.687188268789051,1.07067476805607,0.641827274996608,2.73568698475308E-4,99.9370283147914
614,0.694883876312736,,1.08044936915686,,1.00700271129608,0.694637222921884,1.08301135134376,0.641394221824177,3.16309404527611E-4,99.927193584778
612,0.701779293765653,,1.09136613302925,,1.00780045986176,0.7015326403748,1.09487123368171,0.640744426187696,2.76084915668605E-4,99.9364493008944
610,0.711615001734163,,1.10690957870689,,1.00835275650024,0.711368348343311,1.11114452329837,0.640212261706204,2.95638181643969E-4,99.9319499575536
608,0.722124692549103,,1.12353781472443,,1.0085117816925,0.72187803915825,1.12808953149641,0.639912009644019,3.51904070483828E-4,99.9190039128676
606,0.73498017528582,,1.14354252594821,,1.00798010826111,0.734733521894968,1.14765916931797,0.64020184871751,3.00326466354537E-4,99.9308711805399
604,0.749417481441511,,1.16608545401975,,1.00688087940216,0.749170828050658,1.16910566000468,0.640806775366789,3.31946479742335E-4,99.9235957013674
602,0.765513429253171,,1.19107008862451,,1.00539457798004,0.765266775862319,1.19249930756965,0.641733518002587,3.4721448281774E-4,99.9200828615482
600,0.782917813033724,,1.21808475740084,,1.00393652915955,0.782671159642872,1.21789092751317,0.642644708127532,4.30516434558413E-4,99.9009190451745
598,0.801235796358967,,1.24645369130848,,1.00287997722626,0.800989142968114,1.24505984381654,0.643333850132702,4.3421523536948E-4,99.9000682122898
596,0.821186944350535,,1.27717120736005,,1.00218975543976,0.820940290959682,1.27498772413756,0.643880937375293,4.34171459580308E-4,99.9000782819654
594,0.841350498957465,,1.30831280574636,,1.00178515911102,0.841103845566613,1.30567018700851,0.644193192075334,4.53189599038898E-4,99.8957036649693
592,0.860070388714207,,1.33724902785974,,1.00154709815979,0.859823735323355,1.33434090110175,0.644380858454841,4.99045993524824E-4,99.8851564092436
590,0.878933399503092,,1.36628601748981,,1.00122630596161,0.87868674611224,1.36298611402099,0.644677694859267,4.90104351769445E-4,99.8872129550137
588,0.894806494837616,,1.39077681206968,,1.00070452690125,0.894559841446763,1.38678385646378,0.645060754981558,5.49950079111758E-4,99.873449457415
586,0.910117743250556,,1.41427665328438,,0.999973237514496,0.909871089859704,1.40926964243448,0.645633072949704,5.3774860081863E-4,99.8762554356046
584,0.922946688206618,,1.43400955237545,,0.999053955078125,0.922700034815766,1.42768832181399,0.646289544235677,5.88072245080074E-4,99.8646829976187
582,0.935946253889538,,1.45403071806693,,0.998229086399078,0.935699600498685,1.44649526120085,0.646873602421543,6.47341576381364E-4,99.851055126757
580,0.951904958659754,,1.47830296162229,,0.997582137584686,0.951658305268902,1.46977134924068,0.647487315466145,5.95829468124583E-4,99.8628992639215
578,0.966197898360943,,1.50025944835096,,0.997147619724274,0.965951244970091,1.49102501792688,0.647843754032478,6.5163969429053E-4,99.8500669274995
576,0.980976713914683,,1.52289970216675,,0.996688485145569,0.980730060523831,1.51290375879091,0.648243521655081,6.61439072203567E-4,99.8478139458423
574,0.997379903241229,,1.5480168163242,,0.996220171451569,0.997133249850377,1.53721506696666,0.648662162684878,7.08348776896374E-4,99.8370296077677
572,1.01789733388434,,1.57939336405038,,0.9957315325737,1.01765068049349,1.56770369191126,0.649134581837224,6.938402628734E-4,99.8403649279239
570,1.03652303418834,,1.60782795622192,,0.995352268218994,1.03627638079748,1.59540900479623,0.649536499845592,7.2967665711913E-4,99.8321268056038
568,1.05569493138956,,1.63697353716015,,0.995181918144226,1.05544827799871,1.62414111284686,0.64985010825117,7.65117160772124E-4,99.8239803597171
566,1.07564011685674,,1.66748148503629,,0.995282471179962,1.07539346346589,1.65466924158061,0.649914458093524,8.52739284074199E-4,99.8038421650711
564,1.0976270079432,,1.70094752005882,,0.995623111724854,1.09738035455235,1.68855511856538,0.649893120151563,8.66171860648054E-4,99.8007553148443
562,1.12320118478193,,1.73978651160284,,0.996170461177826,1.12295453139108,1.72817366743761,0.649792640953788,8.75893939184218E-4,99.7985212088139
560,1.15097369779351,,1.78187825459872,,0.99668163061142,1.15072704440266,1.77101252001638,0.649756583534498,9.01953239782829E-4,99.7925331022453
558,1.17941397813642,,1.82514686648637,,0.997178435325623,1.17916732474556,1.81504182346541,0.649663996444009,9.75079489086827E-4,99.775731508805
556,1.20811654607592,,1.86841920640135,,0.997675478458405,1.20786989268507,1.85911828265682,0.649700400427958,9.91322239301047E-4,99.7719999348473
554,1.23712085595759,,1.91201011809241,,0.99818366765976,1.23687420256674,1.90357700388783,0.649763156436838,9.75136798922346E-4,99.7757183423232
552,1.26546064893517,,1.95460335278549,,0.998678505420685,1.26521399554432,1.9470576276634,0.649808191379859,0.00102444194870707,99.7643915175487
550,1.293006292746,,1.99599212459277,,0.999059557914734,1.29275963935515,1.98915038864829,0.649905430344878,0.00112077198587794,99.7422654206251
548,1.32195487875093,,2.03905041543634,,0.999196529388428,1.32170822536008,2.03244679675181,0.650303972272431,0.00112443791160784,99.7414234891497
546,1.35002982736922,,2.08066873192043,,0.99907249212265,1.34978317397837,2.07377421005888,0.650882418843487,0.00115076085292841,99.735378263658
544,1.37572518737397,,2.1186437366515,,0.998806416988373,1.37547853398311,2.11115159646285,0.651529968898336,0.00123890112902146,99.7151389740419
542,1.3982804070104,,2.15131722284907,,0.998482644557953,1.39803375361955,2.14309115585701,0.65234451171093,0.00125650350845395,99.7110975039921
540,1.41797945600396,,2.17981928572347,,0.99831360578537,1.4177328026131,2.17118233699808,0.652977310313462,0.00131326824366984,99.6980655535574
538,1.43902540318549,,2.20998152681388,,0.998360693454742,1.43877874979463,2.20139754154659,0.653575159706875,0.00133422377608775,99.6932550488698
536,1.46071403835273,,2.24110501057624,,0.998661279678345,1.46046738496188,2.23314215596872,0.653996603421932,0.00134268473002201,99.6913128371744
534,1.48214832659716,,2.27150739326725,,0.999168038368225,1.48190167320631,2.26465242624981,0.654361638911753,0.00140101367528038,99.677924459247
532,1.49909176647086,,2.29513504698144,,0.999805629253387,1.49884511308001,2.28972061147209,0.654597379946886,0.00148182273387523,99.659379139802
530,1.51687977177088,,2.31964029346555,,1.0004802942276,1.51663311838003,2.31578272230312,0.654911664973338,0.0015191982852965,99.6508027840583
528,1.53693208980599,,2.34759577675228,,1.00102841854095,1.53668543641514,2.34503568297926,0.655292986613684,0.00155437908557672,99.6427307197245
526,1.55796543688991,,2.37682832302219,,1.0014044046402,1.55771878349906,2.37519007856592,0.655829105028752,0.00163393940664419,99.6244784004433
524,1.5794191929077,,2.40643275649765,,1.00163662433624,1.57917253951685,2.40539375576038,0.656513111724467,0.0016478496286503,99.6212875323191
522,1.60402111175471,,2.44065504395856,,1.00181710720062,1.60377445836386,2.44011165179062,0.657254538818731,0.00172460385689598,99.6036827049091
520,1.63352800616806,,2.48204800766035,,1.0020604133606,1.6332813527772,2.48218251945451,0.658002117078859,0.00177790775310039,99.5914584221285
518,1.66428825750999,,2.52529919401096,,1.00242054462433,1.66404160411914,2.52643047071916,0.658653235624355,0.00183573678800521,99.5781980774998
516,1.70087170462943,,2.57702883247614,,1.00289297103882,1.70062505123858,2.57950043194812,0.659284654569418,0.0019007469143419,99.563293198412
514,1.74270394933533,,2.63615589766957,,1.00349617004395,1.74245729594447,2.64038567917023,0.659925294130538,0.00193378311825609,99.555719839103
512,1.78654062274415,,2.69822993794887,,1.00418245792389,1.7862939693533,2.70452509298695,0.660483414994115,0.00201831131298713,99.5363448603013
510,1.83921720456491,,2.77316323110649,,1.00497353076935,1.83897055117406,2.78196163454468,0.661033757021975,0.00208384660706502,99.5213259002286
508,1.90583981172058,,2.86861379713133,,1.00580215454102,1.90559315832972,2.88025981080527,0.661604606355618,0.00213507668214803,99.5095868970643
506,1.98278029725298,,2.97903834991276,,1.00663805007935,1.98253364386213,2.99381107496133,0.662210672023696,0.00218831833391363,99.497388422864
504,2.06601754789694,,3.09823036847946,,1.00742840766907,2.06577089450609,3.11623907848332,0.662905137404126,0.00231267071941718,99.4689032200091
502,2.1551472362615,,3.2248657781297,,1.00814700126648,2.15490058287065,3.24612898457941,0.663837017292724,0.00229576709963328,99.4727748262861
500,2.25240309158578,,3.36369303831716,,1.00866842269897,2.25215643819493,3.38783858117741,0.664776784439421,0.00237547571317217,99.4545196797711
498,2.38193480737679,,3.55033539841122,,1.00904226303101,2.38168815398594,3.57742423698383,0.66575502266792,0.00246249005293907,99.4345951749948
496,2.57116135691365,,3.82477537290055,,1.00876116752625,2.57091470352279,3.85327203959096,0.667203010093133,0.00251409687249211,99.4227801541956
494,2.78095674670034,,4.12696364073603,,1.00816118717194,2.78071009330949,4.15563471383697,0.669142088945063,0.00262920877565367,99.3964311460715
492,2.92675717580526,,4.33141613747767,,1.00794267654419,2.9265105224144,4.36081041105667,0.671093270873309,0.00271550296257574,99.3766830662187
490,2.97295997835501,,4.38766399125682,,1.00791668891907,2.97271332496416,4.41739112751789,0.672956783574316,0.00277905282013057,99.3621424439503
488,3.02026827162301,,4.44664873223207,,1.00887954235077,3.02002161823216,4.48111951862775,0.673943554881342,0.00286689722153879,99.3420465744315
486,3.1430109054099,,4.61761865586531,,1.00954282283783,3.14276425201905,4.6566670572538,0.674895631012204,0.00298064959833379,99.3160298632174
484,3.36544348508751,,4.93093270734775,,1.01009511947632,3.36519683169666,4.97569160225649,0.676327453689158,0.00305530495911952,99.298958873114
482,3.52661232233413,,5.15105112931976,,1.01073944568634,3.52636566894328,5.20134790140248,0.677971505807647,0.00316919204608165,99.2729226535068
480,3.56621521035948,,5.19148053589649,,1.01162850856781,3.56596855696863,5.24682263202452,0.67964343509601,0.00324369785880946,99.2558932513857
478,3.55658054487064,,5.16237774060263,,1.0127238035202,3.55633389147978,5.22303029806491,0.680894746637288,0.00337005817293218,99.2270184165277
476,3.69914550279707,,5.35567836238883,,1.01399922370911,3.69889884940622,5.42561484135347,0.681747406987609,0.00348050115583635,99.2017877607821
474,4.01489663190648,,5.79798556765271,,1.01552999019623,4.01464997851563,5.88298175930261,0.682417546538771,0.00358866842636992,99.1770832091615
472,4.51678241359245,,6.50592897790984,,1.01726651191711,4.5165357602016,6.61320858147775,0.682956798436919,0.00372507212586835,99.14593845053
470,5.03508105898237,,7.23617225135912,,1.01911818981171,5.03483440559152,7.36945046777736,0.683203507182271,0.00385238675795686,99.1168778034585
468,5.40466814246651,,7.74477540850653,,1.02110064029694,5.40442148907566,7.90312097900868,0.683833830132455,0.00397432598289764,99.0890521248896
466,5.44981237568456,,7.77476743475388,,1.02326714992523,5.44956572229371,7.95057919869489,0.685430027939131,0.00413652875429533,99.0520506927158
464,5.2530112680725,,7.46012080515177,,1.02553856372833,5.25276461468165,7.64554537283435,0.687035961273008,0.00421201895563498,99.034834702821
462,5.06714972096361,,7.17727565003196,,1.027627825737,5.06690306757275,7.37046158587886,0.68746075242838,0.00434271240508514,99.005036357734
460,4.91690777088035,,6.95579742826069,,1.02919805049896,4.9166611174895,7.15377876484408,0.687281684143144,0.00450385207400829,98.968308561021
458,4.7552591924247,,6.723850827625,,1.03004312515259,4.75501253903385,6.92073773213451,0.687067292978794,0.00465060766314767,98.9348711140126
456,4.55453366344161,,6.44682926134912,,1.03006207942963,4.55428701005075,6.63551567307148,0.686350124758675,0.0048192277388115,98.8964659120253
454,4.39053027054224,,6.23089515576663,,1.02918720245361,4.39028361715139,6.40764322006484,0.685163556454532,0.00494929448725755,98.8668518683462
452,4.24983056895602,,6.05468474143167,,1.02735614776611,4.24958391556516,6.2152123568647,0.683739134169969,0.00512823990294858,98.8261234540768
450,4.06864088706283,,5.81942254998892,,1.02460694313049,4.06839423367197,5.95752917630488,0.68289959029548,0.00528672602142141,98.7900656364969
448,3.76746479207486,,5.40989451939875,,1.02102768421173,3.76721813868401,5.51857828593839,0.68264287348846,0.00546267575709366,98.7500500110334
446,3.42990627047446,,4.94693485816271,,1.01675081253052,3.42965961708361,5.02474750257342,0.68255362390391,0.00568097043941968,98.7004265528211
444,3.19242668646244,,4.62330252058869,,1.0121191740036,3.19218003307159,4.67430361028279,0.682920986572045,0.00591030413242614,98.6483205305101
442,3.0911399412617,,4.48810045325784,,1.00782012939453,3.09089328787084,4.51818982473156,0.684099917837004,0.00618068178104382,98.5869244015597
440,3.04943091310804,,4.43128673278173,,1.0045450925827,3.04918425971719,4.44643546105802,0.685759252871658,0.00644347855565031,98.5272863225772
438,3.02036390882966,,4.38724015336789,,1.00285410881042,3.02011725543881,4.39477833695434,0.687205821063503,0.00670294580830068,98.468439226538
436,2.98608785427912,,4.33186394021026,,1.00277864933014,2.98584120088827,4.33891756883762,0.688153474574573,0.00699361927091682,98.4025563127429
434,2.9555472489324,,4.27871479491482,,1.00421047210693,2.95530059554155,4.29173998685523,0.688601966706525,0.00728256017348012,98.3371097816871
432,2.94682468549069,,4.25406669931018,,1.00665414333344,2.94657803209984,4.27737150819884,0.688875873057054,0.00757511215028016,98.2708896716966
430,2.95651552773713,,4.254879223721,,1.00962591171265,2.95626887434628,4.29081918720635,0.688975401984029,0.00790540087044106,98.1961813148027
428,2.96175346228651,,4.25068223155027,,1.01240730285645,2.96150680889566,4.29839078352235,0.688980355217686,0.00820725553565907,98.1279541598748
426,2.95820409706632,,4.23925598403733,,1.01423370838165,2.95795744367547,4.29455629170149,0.688769046849199,0.00852678485822621,98.05578371258
424,2.93891727585432,,4.21339131373053,,1.01462960243225,2.93867062246347,4.26998956046006,0.688214943117297,0.00876938719613107,98.0010238196794
422,2.9197440996614,,4.19686211457782,,1.01337480545044,2.91949744627055,4.24795857123624,0.687270696573888,0.0090797585917656,97.9310117664757
420,3.35603270875792,,4.84475113786789,,1.01114857196808,3.35578605536707,4.89373849977878,0.685730562742323,0.0094653300080888,97.8441061210301
418,3.18820009468246,,4.62968219097336,,1.0079870223999,3.1879534412916,4.66165058219022,0.68386795301028,0.00977376941129778,97.7746411270735
416,2.99651400902261,,4.38202347614264,,1.00422537326813,2.99626735563176,4.39554886959369,0.681659434242333,0.0101617547096096,97.6873312834184
414,2.82780004729442,,4.16620539595032,,1,2.82755339390357,4.16123610166819,0.679498429029305,0.0105004418930893,97.6111789239437
412,2.68695416650955,,3.98811053582211,,0.995681941509247,2.6867075131187,3.96594180468208,0.677445016955834,0.0109735329293684,97.5049058011713
410,2.57345537790057,,3.84521372731107,,0.991583049297333,2.57320872450972,3.80792128494994,0.675751553657326,0.0114530388643134,97.3973097304387
408,2.47617743395334,,3.72117372780671,,0.988153755664825,2.47593078056249,3.67218136780558,0.674239786266889,0.0119123333998044,97.2943602163372
406,2.39925583758102,,3.62231556413922,,0.985654711723328,2.39900918419016,3.56545439481945,0.672848091305245,0.0123957258358562,97.1861267588847
404,2.34733425087442,,3.55753514203479,,0.98426741361618,2.34708759748357,3.49667479866869,0.671234167494556,0.0129224591973567,97.0683261734521
402,2.33203896529101,,3.54347946582142,,0.984128773212433,2.33179231190015,3.48234967411668,0.669603150203929,0.0134667678433549,96.9467449983858
400,2.3541913919603,,3.58151934359911,,0.985299050807953,2.35394473856945,3.52397136875916,0.667980665063777,0.0139853601289572,96.8310497021072
398,2.39477189472784,,3.64416099129803,,0.987817049026489,2.39452524133699,3.59485560298794,0.666097753508298,0.0146022233372898,96.6936104441228
396,2.43360897220937,,3.69983119127089,,0.991658091545105,2.43336231881852,3.6640396972906,0.664120075068479,0.0151191457977811,96.5785885718357
394,2.45164091305529,,3.7215264255592,,0.996615350246429,2.45139425966444,3.70397788709856,0.661827455342798,0.0157171785825977,96.4456893145216
392,2.45309137447527,,3.71622281474055,,1.0025714635849,2.45284472108442,3.72079687374061,0.659225645558693,0.0163561253008233,96.3038999292037
390,2.4552690819861,,3.7107053147626,,1.0093150138855,2.45502242859525,3.74025500296723,0.656378355659607,0.0170230166367962,96.1561316432774
388,2.46455157218339,,3.71547257792714,,1.01699423789978,2.46430491879254,3.77356045917519,0.653045034113796,0.0176874362469864,96.0091365132701
386,2.48387199202806,,3.73524399630517,,1.02549052238464,2.48362533863721,3.82536135281583,0.649252478281307,0.0184119472751971,95.8491029601098
384,2.50939639134013,,3.76493942831542,,1.03449034690857,2.50914973794928,3.88965280832196,0.645083214774575,0.0191933060186722,95.6768115613217
382,2.5367978975783,,3.79889767280864,,1.04369103908539,2.53655124418745,3.95968905159987,0.640593544375051,0.0199667098764573,95.5065792200657
380,2.55827585159404,,3.82510904477421,,1.0526317358017,2.55802919820319,4.02120033656554,0.636135726674083,0.0207576688277719,95.3327961342033
378,2.56718572948813,,3.83481991875885,,1.06117713451386,2.56693907609727,4.0641499112983,0.631605411247554,0.0215694318680999,95.1547709369997
376,2.56621601757794,,3.83105483820749,,1.06922745704651,2.56596936418709,4.09095571657372,0.627229806910781,0.0224100911602446,94.9707589933023
374,2.55661161087803,,3.81637960877394,,1.07646524906158,2.55636495748718,4.10285075346531,0.623070423735996,0.023410332245818,94.7522797099895
372,2.55263916704625,,3.81082104190162,,1.08239138126373,2.5523925136554,4.11942112999085,0.619599801310207,0.0243057909646278,94.557114108934
370,2.55544703324597,,3.8169058075023,,1.08660447597504,2.55520037985512,4.14206727739771,0.616890120012836,0.0252467260541851,94.352470031762
368,2.56077695509967,,3.82809480892244,,1.08728444576263,2.56053030170882,4.15682490626667,0.615982236309415,0.0263045529292365,94.1229319473095
366,2.56996991404731,,3.84652016285272,,1.08414971828461,2.56972326065646,4.16481629193679,0.617007589417935,0.0274188112976705,93.8817526474004
364,2.5851261444555,,3.87411613930495,,1.07767069339752,2.58487949106465,4.16966616333258,0.61992480688159,0.0284343359822858,93.6624824041585
362,2.60606898128588,,3.91210973290314,,1.06871128082275,2.60582232789503,4.17560506251303,0.624058618782962,0.0296278083252151,93.4054445348662
360,2.62586581470287,,3.94896489144728,,1.05907070636749,2.62561916131202,4.17697020299997,0.628594180400486,0.0308217568862214,93.1490099133896
358,2.66177567051641,,4.01045513045939,,1.04836678504944,2.66152901712556,4.19921830863421,0.633815348836012,0.0320587512293059,92.8840724981306
356,2.69130815819138,,4.06330738610758,,1.03684234619141,2.69106150480052,4.20785678876625,0.639532579146912,0.0333073711849987,92.6174093212828
354,2.71932197399741,,4.11437369449727,,1.02479386329651,2.71907532060655,4.21129241114415,0.645662911796671,0.0345310925720147,92.356806477375
352,2.74665892213036,,4.16650908003114,,1.01273274421692,2.74641226873951,4.21452760738948,0.6516536429668,0.0359611970562651,92.0531814908556
350,2.76162543574243,,4.20059157989495,,1.00126516819,2.76137878235158,4.20093045346584,0.657325517034778,0.0373434668929538,91.7606609476916
348,2.77878307971684,,4.23947308364584,,0.990810453891754,2.77853642632599,4.19559062154581,0.662251558113713,0.0388351930759455,91.4460196788252
346,2.78794256698493,,4.26789210696978,,0.981342911720276,2.78769591359408,4.18338908544169,0.666372612410196,0.0404032443092218,91.1164426347657
344,2.79388368512525,,4.2932337792318,,0.972720801830292,2.7936370317344,4.17128406826061,0.669730707863137,0.0421071829917708,90.7596509569184
342,2.79422720074888,,4.3101138377581,,0.964752793312073,2.79398054735803,4.15340022393067,0.672697162979848,0.0437010320199364,90.427175947584
340,2.79249527448627,,4.32558491191503,,0.957048177719116,2.79224862109542,4.13503730348032,0.675265642403099,0.0453984182220383,90.0744422852823
338,2.78296902940715,,4.33143229714558,,0.950148642063141,2.7827223760163,4.11078294710712,0.676932451024829,0.047210048362552,89.6994854216568
336,2.76470430291763,,4.32549427959118,,0.944044172763824,2.76445764952678,4.07876643566151,0.677768068638729,0.0490343208563341,89.3234891545185
334,2.7371517151371,,4.30864610094756,,0.938558220863342,2.73690506174625,4.03925124683474,0.677577326711468,0.0509573273725996,88.9288492701043
332,2.69881517964575,,4.27834685546316,,0.933434963226318,2.6985685262549,3.98892002667319,0.676516076584654,0.0529212241547531,88.5276173819793
330,2.64244346844522,,4.22401511007479,,0.928119659423828,2.64219681505437,3.91577936564701,0.674756304768922,0.0550041684254916,88.1040416605481
328,2.56910070506641,,4.14762788870033,,0.923022568225861,2.56885405167556,3.82376737510282,0.67181232530038,0.0572031936441564,87.6590594168177
326,2.4876568186731,,4.06047197596265,,0.918195605278015,2.48741016528224,3.72374473951226,0.667986217983364,0.0593786199438727,87.221063955137
324,2.402568188642,,3.96998389282813,,0.913534343242645,2.40232153525115,3.62217700723022,0.663225880583935,0.0617718421244667,86.7417456373647
322,2.31519868947939,,3.87672088050548,,0.908978700637817,2.31495203608854,3.51933972603771,0.657780213419423,0.0643175734647899,86.2347734063791
320,2.23290083580433,,3.78805445751993,,0.904343068599701,2.23265418241348,3.42120684529647,0.65259257430838,0.0667726600766876,85.7486595861907
318,2.15390253778015,,3.70220126450361,,0.899914681911469,2.1536558843893,3.32719333243477,0.647289071961831,0.0694914351153059,85.2135316494345
316,2.08435673239398,,3.6308612379332,,0.895963847637177,2.08411007900313,3.24866809695025,0.641527548154156,0.0723459871470936,84.6552726627707
314,2.03040884930876,,3.58333085970515,,0.892610192298889,2.03016219591791,3.1940820050272,0.635601150102789,0.0752017290842468,84.100440571823
312,1.9770943182718,,3.53610646780401,,0.88999992609024,1.97684766488094,3.14271182344897,0.629026069183604,0.078168547184263,83.5278788437927
310,1.92242820032617,,3.48724366526488,,0.888025283813477,1.92218154693532,3.09234768660835,0.621592958404862,0.0813282370836925,82.9223808391992
308,1.86226185779314,,3.42873223971743,,0.887133359909058,1.86201520440229,3.03733432531615,0.613042558035977,0.0845711308133709,82.3055022019939
306,1.79867150404333,,3.3643002917327,,0.887335538864136,1.79842485065248,2.9808537808458,0.603325417103213,0.0880724237318308,81.6446207961917
304,1.7366734696231,,3.30306586570785,,0.888603985309601,1.73642681623224,2.93070175730483,0.592495231527455,0.0916362654572123,80.9773824905094
302,1.66535451971276,,3.22679477226261,,0.891015827655792,1.66510786632191,2.8706974948253,0.580035991017312,0.0955234309434723,80.2558260289046
300,1.5903567343679,,3.14213004115561,,0.894482612609863,1.59011008097705,2.8061357410405,0.566654726541293,0.0996471009642396,79.497395232127
298,1.51161706427238,,3.04845983645177,,0.900495111942291,1.51137041088152,2.74064835646635,0.551464549370429,0.103910083228631,78.720875732602
296,1.42713939859431,,2.94258005171859,,0.909423410892487,1.42689274520345,2.67153199490233,0.534110296236831,0.108614352546349,77.8727743504471
294,1.3365470942688,,2.82373428559192,,0.92107892036438,1.33630044087794,2.59630501495653,0.514693163237725,0.113778936819635,76.9522040246605
292,1.24872996815485,,2.70381756732108,,0.934718489646912,1.248483314764,2.52266338156114,0.494906821056474,0.118793286412314,76.0688259856141
290,1.15631695094599,,2.57180654489935,,0.948803901672363,1.15607029755514,2.43542519834358,0.474689306138996,0.124313191804608,75.1081055978459
288,1.05866266178542,,2.42249428719519,,0.962523102760315,1.05841600839457,2.32692365717929,0.454856352991651,0.130135735084162,74.1078587228454
286,0.957081721334382,,2.26030795239404,,0.97529125213623,0.956835067943529,2.19961206386121,0.435001736744386,0.136457739389407,73.0368880626772
284,0.863979324855814,,2.1076747791758,,0.986907541751862,0.863732671464962,2.07517590112457,0.416221425372611,0.142561892021399,72.0175110584461
282,0.7767282988983,,1.96069504343498,,0.996903836727142,0.776481645507447,1.94967050291654,0.398263011286213,0.148996167011652,70.9584030569597
280,0.695494675565667,,1.81933416021077,,1.00535523891449,0.695248022174815,1.82408122326374,0.381149706113876,0.155235517558731,69.946257512293
278,0.621104220235475,,1.68594091367347,,1.00982344150543,0.620857566844623,1.69748454576672,0.365751528279271,0.161642361600743,68.921963014986
276,0.554657156292,,1.56360183335176,,1.01022160053253,0.554410502901148,1.57456425826101,0.35210408212457,0.167949838862803,67.9282085362089
274,0.493449904949658,,1.44919341339876,,1.00653350353241,0.493203251558806,1.45365996250047,0.33928378319675,0.174862316519367,66.8555834847441
272,0.445578314259596,,1.35930033758608,,0.99854451417923,0.445331660868743,1.35235983367379,0.329299680292163,0.181320869828725,65.8687057606947
270,0.407893856707539,,1.28985071994367,,0.988452672958374,0.407647203316686,1.27004447962971,0.320970808388961,0.187684444437379,64.9105898394822
268,0.376177680381634,,1.23294413081559,,0.972882628440857,0.375931026990781,1.1946753866259,0.314672111938722,0.194178292425158,63.9472256816483
266,0.350307657291646,,1.18740083326808,,0.953488886356354,0.350061003900793,1.12743533130034,0.310493200081859,0.20031688502167,63.0497131389947
264,0.327428934848885,,1.14687299102279,,0.931065678596497,0.327182281458033,1.06318734029769,0.307737187094818,0.206328530041715,62.1829712691686
262,0.306950957940965,,1.10951541396259,,0.906938552856445,0.306704304550112,1.0017554593462,0.306166841107394,0.211841331764617,61.3986282308782
260,0.285460508808087,,1.06624816529515,,0.883175373077393,0.285213855417234,0.937295362846075,0.304294533743546,0.217424317322469,60.6143821464783
258,0.264429040996616,,1.01915694294913,,0.859192788600922,0.264182387605764,0.871382714022815,0.303176071035587,0.222286391204399,59.9395680341692
256,0.242812229864731,,0.966840261639627,,0.834685504436493,0.242565576473879,0.802859753591609,0.302126959769445,0.227080062055998,59.2816029050882
254,0.22104302829156,,0.9097149441799,,0.80953711271286,0.220796374900708,0.732425181157761,0.301459289741636,0.23152338922738,58.6781767233012
252,0.199733046382082,,0.850565822101795,,0.784095585346222,0.199486392991229,0.663028504447493,0.300871518574398,0.236187007596019,58.0514393672883
250,0.1794068544467,,0.791052014661378,,0.758817315101624,0.179160201055847,0.596493179325961,0.300355825121586,0.240817914312213,57.435722121556
248,0.16018140683065,,0.731795380987023,,0.735633492469788,0.159934753439797,0.534677612580869,0.299123714321605,0.245277312232527,56.8489814274067
246,0.141526732832925,,0.671850053162588,,0.715051770210266,0.141280079442072,0.476854267156637,0.296275170786433,0.250451981728196,56.1756386166768
244,0.123624447366739,,0.61146732879449,,0.697206974029541,0.123377793975886,0.422854659397226,0.291773523677757,0.25604938180347,55.4562652380247
242,0.106878482315244,,0.552146666494903,,0.681808710098267,0.106631828924392,0.373070298343349,0.285822348758128,0.262587001041873,54.6277104701212
240,0.0911092360861408,,0.492880898604276,,0.667849898338318,0.0908625826952883,0.32585171534463,0.278846415152946,0.26989261008734,53.7164607011601
