,248,250,252,254,256,258,260,262,264,266,268,270,272,274,276,278,280,282,284,286,288,290,292,294,296,298,300,302,304,306,308,310,312,314,316,318,320,322,324,326,328,330,332,334,336,338,340,342,344,346,348,350,352,354,356,358,360,362,364,366,368,370,372,374,376,378,380,382,384,386,388,390,392,394,396,398,400,402,404,406,408,410,412,414,416,418,420,422,424,426,428,430,432,434,436,438,440,442,444,446,448
247.494,NA,NA,NA,NA,NA,0.141016229752769,0.0898763681253981,0.0272843873706089,0.0914651967333835,0.0900705449315685,0.0963903514588017,0.0724315466397419,0.0511385522357009,0.0507771607538918,0.0796275289588184,0.134804336956137,0.127272153009425,0.0733970164500833,0.101297139276287,0.0724008015094619,0.0621511408815648,0.0477041614799558,0.0772045666862288,0.0525017488220772,0,0.0236231600474876,0.0353533563357371,0.0103531983636304,0,0,0,0,0.0145402448950153,0.0415524463577401,0.00634762618377993,0.0335441226003496,0.00486677598376081,0.0106007691292251,0,0.0176788525684797,0.00647584967450168,0.00414846441119837,0,0.00196742793971118,0,0,0,0,0,0.0103862161624605,0.0018608876082241,0.0037439683698773,0,0.000936083720974914,0,0.0149042139879356,0,0.00937069896570562,0,0,0,0.00370992955682272,0,0.0143629358062015,0.00285068851414424,0,0.00968251568420212,0,0,0.0182238404452817,0.010286584193794,0.0062695654600147,0,0,0,0,0.00434931473937434,0.00220111525719426,0.00334354454583651,0.00114910361419227,0.00764571465754504,0.00103627151046744,0,0,0,0,0,0.00546398068057162,0.00456356965033574,0,0.0045215105839411,4.83072510403252e-05,0.00268882238221268,0.0127411996507918,0.0108324637529617,0,2.54232379882906e-05,0,0,0.00322579004858455,0
249.737,NA,NA,NA,NA,NA,NA,0.305215687940572,0.143465205187995,0.117117174629538,0.191929519443094,0.226525019812016,0.0977057101828877,0.171322517683886,0.0698213328379983,0.21013122637222,0.126245925755767,0.119186612991686,0.132135532140788,0.169493565109934,0.130129357933531,0.114188244409488,0.0952112343584502,0.0628105698439563,0.0894228052241265,0.0406886150058223,0.00951478201025455,0.0321885175466051,0.0415214837971662,0.00279937897067661,0.0380525207074811,0.0454667856539184,0.040496066105907,0.0488290785601115,0.0465393969159259,0.0520823260060444,0.0384506649028435,0.02056281989123,0.0281243058830575,0.0181615248993418,0.0121079210606768,0.0299316585905773,0.0134699475404099,0.0212732621798786,0.00993070548232135,0.0127524530814626,0.0193797085048144,0.0231161326550943,0.0143149349432371,0.0170091911758884,0.006585576827741,0.0150091032410367,0.00187431089385891,0.0129894938320148,0.0268778978014968,0.0148006034025616,0.0223131811547011,0.00649284390629809,0.0167702937439642,0.00936414001207986,0,0.0028424164145465,0.0103976915605131,0,0.0152454730221833,0.0171751165727927,0.0288131844120451,0.0318480186360221,0.0244757715357218,0.0198422403110269,0,0.00724777206043782,0.0103992291255466,0.0115810557920847,0.00944010689549949,0.0337542535154732,0.00642292877870573,0.0151984430235333,0.0177271268019365,0.0055854843752557,0.00660790027045566,0.018289913210283,0.0104478953040243,0.00697720703992412,0,0.0118838922520614,0.0171886380552085,0,0.0163782588732052,0.0244418546409634,0,0.00634604763127251,0.0271149816196991,0.0344664180722733,0,0.0369551346464328,0.0106662680402415,0.00348835275858862,0,0.00845205468895,0.0208664519270431,0
251.981,NA,NA,NA,NA,NA,NA,NA,0.228301624501925,0.13546290696289,0.206076350293298,0.1478067293752,0.0910465551536948,0.0695461537422095,0.1223303189739,0.109660662052222,0.204523357537752,0.241519675624682,0.193318047923607,0.190505312711714,0.133963132837693,0.164875319637468,0.12765157433473,0.102857644702175,0.111631119941586,0.109500897233338,0.0757369792309106,0.051539010838039,0.0445989977253537,0.0939730857749316,0.0304757840747399,0.0131310317731059,0.0405698299391007,0.0301626256880208,0.0481165180585506,0.0121863391771503,0.0432212642601754,0.02618833084349,0.0338280864002375,0,0.026452313676838,0.0154184489943308,0.0111490287438643,0.0206315131056171,0.00357126220327084,0.00929791172532159,0.0244701653606937,0,0.0320836343962772,0.00905112101572725,0.0249466613674459,0.0101093231379544,0.0067155070833641,0,0.0122862769929761,0.00998413879529152,0,0.0257460226866084,0.00782171559426779,0.0292642093807673,0.0472631891817025,0.0203083347288784,0.0101482058613255,0.0114089659079911,0.0126004303932993,0.00688240978051197,0.0184581321096778,0.0220405511825017,0,0.022645570006741,0.0035668622468119,0,0.0212265061433462,0.021426892001859,0,0.00886934533219415,0.00637592627980833,0.0117322544563644,0,0.00133319736296258,0.0528394077077645,0.0270911490256183,0.0275296210388968,0.0360922145877616,0,0.0153712165800067,0.00830561480553471,0.00682646439292106,0.00869727311109646,0.0108677318877368,0.0183777091366779,0.0184303394674097,0.0195806533925078,0.0141291699582146,0.00659369152741902,0,0.0298834063535995,0.00947660772302754,0.0300797239450954,0.0122000519081658,0.0125658422489825,0.00890769493442693
254.226,NA,NA,NA,NA,NA,NA,NA,NA,NA,0.245520641860521,0.319089985948591,0.209135533748752,0.193595633681595,0.249709221394153,0.213460134624969,0.208112822219119,0.250529218006069,0.218811328033678,0.203766730568169,0.21627675748836,0.17437497532401,0.171847222845861,0.180946040753929,0.219401412329956,0.160508010047257,0.151477626682387,0.0717442336646532,0.0819810527642517,0.0363696692832531,0.0761993366117904,0.0412745998418616,0.0112574746308754,0.0587114971247637,0.043434190630003,0.0472448859616112,0.0522016250564698,0.0304895236415353,0.0380249327818233,0.0778064379309458,0.0436734474656151,0.0371369393044415,0.0361272323034764,0.0218745104976857,0.0513716839240703,0.0294028337678684,0.0337836782064473,0.0149355611669416,0.0595814054048468,0.0329904111302185,0.00449402609330972,0.0270410280111801,0.0257634533343669,0.0491776269181,0.0178144473530962,0.00989849182564283,0.0155837752423128,0.0380625031473839,0.00895241715461426,0.034836215057391,0.029318190979209,0.0349878732579893,0.026038692018191,0.021556447231288,0.0343265449807861,0.0252427011806533,0.0288503327340642,0.0278688860040716,0.0152896652288489,0.0143017695234732,0.0206215421810609,0.0198020851874612,0.0736875495185352,0.030139797719571,0.0352621320025609,0.0558170148959305,0.0229383509755654,0.0273760927202872,0.0651481169122393,0.0120150045320744,0.0330583289896447,0.0490396312784578,0.0124608816709386,0.00479679540096557,0.0392915267681518,0.0284888732633449,0.00828508894584827,0.0215420043652303,0.00761076252965165,0.0326931316767471,0.0335571406546293,0.0140202500285371,0.0107548249048509,0.0391798780468702,0.0294475762362489,0.0411628580941146,0.0255750803241977,0.0293680984948247,0.0238439875811105,0.0212665044125379,0.025115042644979,0.019577860760391
256.472,NA,NA,NA,NA,NA,NA,NA,NA,NA,NA,0.206759453849317,0.115232048545398,0.104653498017831,0.211343546892714,0.217340770903229,0.198485954292972,0.258003393274945,0.205202528920397,0.242239438467907,0.123732924971176,0.172577078726973,0.215109535259531,0.200936137993947,0.187720798637151,0.201029264265404,0.128775563874516,0.129137763498659,0.103340602384267,0.0124335810741793,0.061988022450286,0.0186899516525501,0.0628008706616742,0.0275230839661057,0.0159336491985776,0.0684031221972722,0.0364371518121543,0.0177703050757964,0.0330635988448227,0.0541658142111052,0.0376872961672984,0.030156441568462,0.0114958672924426,0.0298212756057917,0.0316810717758486,0.0227866267419415,0.0438264613488465,0,0.00820566335756071,0.0174676219011712,0.0231084718275442,0,0.0182889193099441,0.0181832485002044,0,0.00921089463390015,0.0136868445025645,0.0251374135611029,0.00573204458057159,0.0206799331649388,0.0218855229183264,0,0,0.0163218768035557,0.00938779532244998,0.0187978405463892,0.0164937413753192,0,0.0191888072736408,0.0158127476100545,0.0432906793523272,0.0290176134753571,0.0317736056338484,0.0333886457066444,0,0.00260256861999569,0.0158130601460118,0.0107239715118396,0.00812500107661503,0.0163721373447635,0.0270687437961654,0.0224581459695394,0.0141372757288216,0.0342794118324053,0.0224561882283075,0.00461525909083212,0,0.0199745281567483,0.0200958731845269,0,0.0100232469241058,0.027726412852082,0.0101160534633251,0.00352467685008594,0.0134435500164949,0.00561666584125951,0.0152319689351718,0.0224929509962618,0.00848383189641963,0.0320927638012806,0.0265694087764058,0.00543935137624572
258.718,NA,NA,NA,NA,NA,NA,NA,NA,NA,NA,NA,0.183286472407051,0.190901344137643,0.161614133337153,0.168046765673923,0.128887513862241,0.178915499509429,0.178227897131667,0.174096955297993,0.212096255406658,0.16270431129623,0.188191363684268,0.183683709870692,0.154588692453661,0.197132972477023,0.159538775635001,0.140078279474527,0.100819314351972,0.0230251822263664,0.0365414427981904,0,0.0232827438611338,0.0408032316354656,0,0.0172029834653573,0,0,0.00284605823432156,0,0.0340330044531545,0.0356259680203546,0.0115439002899442,0,0,0.00240792064908652,0.00238172656683511,0,0,0.0128428323609324,0.00816554452756444,0,0.0172474210491021,0.00459126580969369,0,0,0,0.0115303977102982,0,0.00923623091507435,0.00350526153475674,0,0,0,0.00234948633378854,0.0130014300293653,0,0,0.00243841716149167,0.00244116563880685,0.00999914109666445,0.00888352386389858,0.039866327819068,0,0,0.0143564767332233,0.0026257145569218,0.0161654719942908,0,0.00962297036026951,0,0,0.00260440718828462,0.0210798500096633,0,0,0,5.9735329142575e-05,0,0.00560591513081717,0,0,0.0179825403640949,0.00229868622898351,0,0,0,0,0.0181383094019919,0,0,0
260.966,NA,NA,NA,NA,NA,NA,NA,NA,NA,NA,NA,NA,0.344351359538866,0.20473143185935,0.170661365131131,0.182946662627627,0.184935536890765,0.189962668238883,0.204537715496037,0.150515346089817,0.170054368477381,0.177228955044179,0.213124606167967,0.191033322145569,0.161407544947405,0.191712027471137,0.149979399277511,0.141459026518151,0.094305136674974,0.122194505548491,0.0363100836693293,0,0.0381134774147606,0.0275746241172564,0.0207277341273294,0.0467843010674671,0.0258268438178503,0.0308822020650583,0.0128411183972617,0.0137899006021058,0.00669033478388134,0.028656685135956,0.0344520597329416,0.00113474078364888,0,0.0134017947919439,0,0.0155795509208154,0.0237790564780508,0.00704439747940437,0.028285182152736,0.0011692527701773,0.00466074783410231,0.011708713088799,0.00816324736113612,0,0.0174899252377328,0,0.00819298860019341,0.00231262766590586,0.0165157949235,0.0296365654381229,0,0,0,0.0192776048053518,0.00729712060650436,0.0110697697970835,0,0.0176534456516873,0.00131366856003438,0,0,0.00788492272344086,0,0.0160698421505218,0.0109511682875741,0,0,3.42610074436164e-05,0,0,0.00754933695844387,0,0,0.00323815801788608,0.00916577172385724,0.0148909550573355,0,0,0.0101369616626548,0.0124999150997317,0,0,0.00229856144123039,0,0,0.00651931431750582,0,0.00509115337059018,0.0111636247224563
263.215,NA,NA,NA,NA,NA,NA,NA,NA,NA,NA,NA,NA,NA,0.275630438915936,0.236257453696776,0.181217913435769,0.267647481251807,0.221828223667405,0.27931798750559,0.254488407487,0.309637535994001,0.234856432274555,0.184098262062912,0.192809034866481,0.243713389625517,0.219517405762611,0.235126719238296,0.169219955438928,0.190500584827737,0.166249575853427,0.106539735950357,0.0925765093578894,0.0233419131544015,0.0179528350115476,0.0709134894864882,0.0551279962207479,0.0522716166641024,0.00584067211353514,0.0475049224307937,0.0559157758567939,0.0460207939684555,0.0143406203133609,0.0101801680233948,0.039020706529352,0.0310307173199247,0.0381006976798249,0.012168029932105,0.0496262279371114,0.0192745518608882,0.0346311710189684,0.0321496668635551,0.0189643560837743,0.0165156183558099,0,0.0282489390663934,0.0176747367205269,0.031918560331489,0.0035500193799788,0.0118581595029691,0.0392217086765426,0.0333591594712421,0.014315830373646,0.0216213015941984,0.0326471255768719,0.0096915323654816,0.00608113163417935,0.0232816214498461,0.0323435768638196,0.00882174494859807,0.0154231994271109,0.0495521762549377,0.0158329418847055,0.0133379508266364,0.0359762890631402,0.0321703659051379,0,0,0.0266876479608857,0.00992839503160976,0.00697771969902957,0.0314323248903297,0.0277468182494925,0.00125282199918024,0.0195827850385151,0,0.0130684974961183,0,0.0335114101456115,0.00113150833509566,0.013703096635816,0.0068642464464612,0.0320945926138727,0.017294679149386,0,0,0.0202821443160302,0.0166468627711597,0.038322329345864,0.0182295905394632,0.0204096131211829,0.0310230211743636
265.464,NA,NA,NA,NA,NA,NA,NA,NA,NA,NA,NA,NA,NA,NA,0.226755593323598,0.218440810480511,0.185327804547758,0.190580351319383,0.174428237637414,0.304616565619604,0.225389360811478,0.208635607827066,0.246321645377675,0.27049561501972,0.268880823908766,0.2438814636634,0.148836965228978,0.220151001071184,0.249729014897075,0.200219477727093,0.169443181470192,0.0933268261912009,0.059187515257117,0.0478592423888594,0.0488107343229492,0.0221725439112157,0.0620602940238838,0.0330118156056705,0.0334110347789028,0.0154642235177703,0.0163073963743552,0.023864860231049,0.0492225013966923,0.015314481877916,0.0301584769509641,0.0123790203278397,0.036911841562732,0.0158194054299967,0.0133527640235638,0.00596179830761582,0.0300624513423231,0,0.0190521927468344,0.011876985129744,0,0.0392763502641046,0.0202826636881869,0.0298440545272292,0.00959899191485877,0,0.00962537051841161,0.0193444952856132,0.0133480258623829,0.01584043701897,0.0195718414116676,0.0270926015224586,0.00122173770030663,0.00880236380165958,0.00508212265836668,0.0296922666383233,0.0210679481366746,0.00531496683541148,0.00810987301154051,0.0134274717860726,0.0135083196913202,0.0232780500722045,0.0445518472845174,0.0212395791199401,0.0341889749233091,0,0.023394230041922,0.0226379616509363,0.0102597586083198,0.0308389040446226,0,0.00880572689071762,0.0229684438252988,0,0.00465668486488707,0,0.0312569191765038,0.00464797690527633,0.0196945405578517,0.0139438827200421,0.025416381178514,0,0.0100762988157233,0.00774182370267473,0,0.00823296101745722,0.0189603579367535
267.715,NA,NA,NA,NA,NA,NA,NA,NA,NA,NA,NA,NA,NA,NA,NA,0.145926118340455,0.151439692399799,0.102016880183075,0.168013252542816,0.173641376774394,0.211858186020284,0.146768544105489,0.186863317844921,0.174127578361192,0.130143011849881,0.109803391315342,0.198709991070869,0.199915083752209,0.202209654771628,0.145083003226529,0.113935840452217,0.0943202122968503,0.0486752009710264,0,0,0,0,0,0,0,0,0,0,0,0,0,0,0,0,0,0,0,0,0,0,0,0,0,0,0,0,0,0,0,0,0,0,0,0,0,0,0,0,0,0,0,0,0,0,0,0,0,0,0,0,0,0,0,0,0,0,0,0,0,0,0,0,0,0,0,0
269.967,0,NA,NA,NA,NA,NA,NA,NA,NA,NA,NA,NA,NA,NA,NA,NA,0.296845309833183,0.172183637522159,0.232268802601615,0.181813191167181,0.314239915672492,0.151710066609584,0.206668192102611,0.272097327605371,0.218990119568801,0.213606941533295,0.190596356670659,0.203178963738018,0.234405649981209,0.159282756365956,0.206209272302237,0.171471506232207,0.12450317269069,0.0892246794631277,0.0109807430119274,0.0654814406288233,0,0.0116219792179019,0.0155469342839223,0,0,0.00779432499977783,0.0164374069305951,0,0.0146861365981268,0.0134022003104639,0,0,0,0,0,0,0.00114687147939687,0.0303804059500725,0.00104542180323469,0,0.00345462698886244,0,0,0,0.00471816155822556,0.019960610418609,0,0.0083607923523787,0,0,0,0.0197149023529165,0,0,0,0,0,0.0117974239982766,0,0,0.0122195180524036,0,0,0.0166004554189027,0,0,0,0,0,0,0.0203829016066742,0,0.00340089468486137,0.0157952475586682,0,0,0.0181923065753824,0,0.0113074342648436,0,0,0,0,0,0
272.219,0,0,0,NA,NA,NA,NA,NA,NA,NA,NA,NA,NA,NA,NA,NA,NA,NA,0.285957711750345,0.178901727500364,0.261008937641277,0.2721071031678,0.285584512439898,0.280116358534124,0.215358379572345,0.206161214118822,0.175998391190665,0.236542331452318,0.217905445394671,0.221182064756268,0.231807611872004,0.163479659936038,0.14032628858792,0.0956140158100435,0.0737747012195133,0.0520810190377583,0.0447689981852515,0.011301035248561,0.0449867334136647,0.0393984147756233,0,0.00628014946237964,0.0149744180021057,0.0121434520516127,0,0.040751355816758,0.0106221634563399,0,0.00117000954204924,0.0301707499159155,0.00112173284103553,0.0137863148172629,0,0,0.00217878174432528,0,0.00805690836390993,0.00459197703553769,0.00227299635995,0.00229620208645507,0.0208860548419674,0,0,0.0105830291807764,0,0.0201914248432677,0,0,0,0,0,0.0102783107384248,0.0232953155691176,0,0,0.0118290756452425,0,0.0109114548094508,0.00963362717424316,0,0,0,0,0.0237406145091622,0,0,0,0.015740543799177,0.00784072208847428,0,0.0178653517603007,0,0,0,0,0.00108835363191206,0.00540343661289854,0,0,0.00693919180107249,0.0146581221312744
274.472,0,0,0,0,NA,NA,NA,NA,NA,NA,NA,NA,NA,NA,NA,NA,NA,NA,NA,0.150556273981432,0.239979396431327,0.13796074823867,0.159132721436828,0.160160044670145,0.19973855973112,0.179740099611078,0.14692433705353,0.155003597766762,0.17899535212206,0.203805288081057,0.172495786268152,0.145888695147511,0.102586241093541,0.0545959956844044,0.0817419198374904,0.0406819262195819,0.0425751257573574,0.0285316353125634,0,0,0,0,0,0,0,0,0.00112931222013966,0,0,0,0,0,0,0,0,0,0,0,0,0,0,0,0,0.0127604555288766,0,0,0,0,0,0,0,0,0,0,0,0,0,0,0,0,0,0,0,0,0,0,0,0,0,0,0,0,0,0,0,0,0,0,0,0,0
276.727,0,0,0,0,0,NA,NA,NA,NA,NA,NA,NA,NA,NA,NA,NA,NA,NA,NA,NA,0.206921424796445,0.207221730367562,0.227287411901184,0.223757076923408,0.19174486737436,0.238598589107336,0.206421931892221,0.178276906605986,0.210432238544706,0.17462804965419,0.193978055509825,0.162258468132642,0.162019619524137,0.127230374543233,0.120633833852934,0.0834978179420842,0.0946446700502426,0.0435381486416177,0.0353419084307444,0.0224497275307595,0,0.0260733345128249,0.00846548188693518,0.0106449917062404,0.00465990731983588,0.0233099222232473,0,0,0.0147392767600359,0,0,0.00220377297173417,0.0212872723824593,0,0.00661688499703385,0,0,0,0,0.0191077013877173,0.0181087739193239,0,0,0.01144761996381,0,0,0,0,0,0,0,0.0099694476458399,0,0,0.00378386997578228,0,0,0.00659913264910609,0,0.0224792632455289,0.0167196540489661,0.0287728454828312,0,0.0288768611500359,0,0,0,0,0,0,0,0,0,0,0,0.00317817515707998,0,0,0.0172865151282406,0,0
278.982,0.219830555158745,0.0182180208292527,0.0413031497991635,0,0,0,NA,NA,NA,NA,NA,NA,NA,NA,NA,NA,NA,NA,NA,NA,NA,0.290963179703655,0.257020788260702,0.252299111131568,0.21010497884423,0.240484601244126,0.268628576692787,0.209000263270512,0.198598283072874,0.161832919826829,0.207443605691061,0.199770787555564,0.198633456977479,0.217243903526826,0.168430326799786,0.145444787392564,0.110299704798535,0.109648902491791,0.0659006050225174,0.0560800604819731,0.030385258241805,0.0110046771133108,0.0120452895841473,0.0506014776124812,0.01615298428782,0,0,0.00108351099605816,0.0292216112697956,0.0156564961542009,0.0244812977700919,0.0110374901146331,0,0.0396617722867687,0.0131634687168175,0.00659744101583597,0.00878946902632077,0.0232289001154536,0.0166364398965383,0.0066743958561875,0.00443359176381183,0.0189376459724211,0,0.00225957612804889,0.0158738698473123,0.0113811316749477,0.0263433650804686,0,0.014138127809009,0,0.0231729944425357,0,0.0286620551985468,0.00868757469095575,0.0050117562662616,0.0114430494814069,0,0,0,0,0,0,0,0.00349720372553265,0.00101832788161954,0,0.010556175358699,0,0,0,0.0192606049049286,0.00636850254383764,0,0.00108501831468692,0.013917070037231,0.0116005957331255,0,0.00614011821138049,0.0220195276833636,0.0324498061628722,0.0105540324608134
281.238,0,0,0.0240864476787905,0,0,0,0,NA,NA,NA,NA,NA,NA,NA,NA,NA,NA,NA,NA,NA,NA,NA,0.301399113904124,0.245928039502542,0.210136093726444,0.227029357798733,0.265787970567435,0.198426903346166,0.178129952233739,0.224827470078635,0.221404506715552,0.199474213545539,0.192099074854084,0.171052145392987,0.163906881307969,0.138483365603318,0.153318315323464,0.104677460895906,0.0328275916488357,0.0562675118352939,0.0521518213210591,0.00466557445794623,0,0.018334860574881,0.00328182239217513,0.0146182039732218,0.00541526158918072,0.0188382390314436,0.00978781108469145,0.00866382806737197,0.020701541263148,0.00853233233898522,0.00212934218065639,0.0183589296931043,0.0160463210535764,0.0118690449134482,0.0270250648058027,0.00537294288622264,0,0,0,0,0,0,0.0255243162636829,0,0.00894449549423878,0.00566864165476425,0,0,0.0167000594491706,0.0047893224075583,0.0267821236910282,0.00602989371925848,0.022106186139901,0,0,0,0,0,0,0,0.0186495047619883,0,0.00415814631699734,0,0.0112581665592564,0,0,0,0,0.00104806724881457,0.00844303598751923,0.00418530928090621,0,0.00202030860012844,0,0.0160531729135524,0,0,0
283.495,0.0421725650217467,0,0.118321069752293,0,0.0135400596221238,0,0,0,NA,NA,NA,NA,NA,NA,NA,NA,NA,NA,NA,NA,NA,NA,NA,0.262848112526824,0.271912417135496,0.187100317474099,0.233066831973907,0.247655095439871,0.218113057601405,0.203030601844305,0.168614639219949,0.197560387744877,0.193292294021026,0.206718877990401,0.258573012289739,0.198588256681766,0.21438643849458,0.162084334234141,0.119383084626204,0.0931222592018299,0.0402256471041607,0.0320467496022902,0.0232339397899666,0.00446663106194687,0,0.0211163733664939,0.00654668691537274,0.00652927223961705,0,0,0.0268926398175475,0.021421336121703,0.00321033576868109,0.0276416859327548,0,0,0.00537789243527144,0.0299072203361232,0.00860546965783262,0,0,0.00543647035340073,0,0,0,0,0,0.0179785710402728,0,0.025468709242839,0.00591901450849832,0,0,0,0,0,0,0,0,0,0,0,0,0,0,0.0236950388436795,0,0,0,0,0,0.00213217434787133,0,0,0,0,0,0.0118644821100165,0,0.000962412251953217,0
285.753,0.165849416581099,0.156193131454602,0.279731055479523,0.177212290977413,0.132304447264477,0,0,0,0.0175817819567255,NA,NA,NA,NA,NA,NA,NA,NA,NA,NA,NA,NA,NA,NA,NA,0.313818681007018,0.240177704243479,0.276636470917167,0.284286139395406,0.262477286549031,0.216684531503809,0.247323877280656,0.233152106143582,0.241393204131049,0.266262053969077,0.278902721853147,0.26964432734788,0.238417820158169,0.233665863828753,0.156708547094942,0.155773226916586,0.0928433793695185,0.0750738634109465,0.0597573114564788,0.0408923239440358,0.0480563620582808,0.0150878685452941,0.0203032298751939,0.0393387632147639,0.0295204211819785,0.0335082969623805,0.0397722628492024,0.0103801394718873,0.0176120591208215,0.0362342203158355,0.0216370238695786,0.00408255554292095,0.0155472447148936,0.0124473172334864,0.0406931195831919,0.0198324321295777,0.0366586874391789,0.0241779345834279,0.0168973750765466,0.0318316092927739,0.02020201669455,0.0224963120713975,0.0269360024715946,0.0196784135897571,0.0110377187395713,0.0416881040349494,0.0309058575597129,0.0231787193746586,0.0269091454073812,0.00463406899347682,0.0246791623057796,0,0.0023812262600712,0.00988226746376585,0.0248151983581829,0.013393773457395,0.0240430556257711,0,0.00220705419864214,0.0138213834972613,0.0264101567471924,0.0124865399437884,0.00088390498731103,0.0132106823372869,0.0151603982071103,0.0211153704199131,0.0160883885527882,0.00893840911572694,0,0.0233296279452626,0.000972374388498014,0.0256880124119105,0.00681597671607673,0.0163519075804723,0.0197433725178978,0.0170454354106087,0
288.012,0,0,0.0398339026156503,0.0932537548262143,0,0,0,0,0,0.0198392094832674,0,NA,NA,NA,NA,NA,NA,NA,NA,NA,NA,NA,NA,NA,NA,NA,0.234035102770302,0.244332361573899,0.230194976499115,0.232168662216653,0.225603369363168,0.198793880536421,0.234831430879112,0.230963048008079,0.274285977325891,0.25043770733849,0.255960397599772,0.25818211049539,0.226571132452467,0.164435478347298,0.119955132851125,0.106338379156804,0.0562000088578965,0.0324836474554087,0.00945543467590783,0.0264042202391815,0.00411404923365731,0.0051967862666236,0.0185450455303026,0,0.00919682088889644,0,0.0101408186923197,0.0344688754195935,0.016223100103972,0.000970875172863171,0,0,0,0.0153555934827807,0,0.0278140775407676,0.0051340005533089,0,0.00104960753647035,0.00523083899648216,0,0,0,0.0121165920466161,0,0.00566647986987586,0.0113845504389294,0.0102720042195803,0,0.01872328189273,0.00472618059603028,0.00360381072465697,0,0,0,0.00223958689885665,0,0.0231182751881184,0.000969495620729232,0,0,0,0.011861503887702,0,0,0.00680521339614648,0,0,0.0127696787808376,0,0.0104571943121759,0,0,0.0149191928057525,0.0105204583336743
290.271,0,0,0,0,0,0,0,0,0,0,0,0,NA,NA,NA,NA,NA,NA,NA,NA,NA,NA,NA,NA,NA,NA,NA,0.217593950220885,0.170399898257343,0.170637850397752,0.172823767004864,0.19803698802672,0.251409202190348,0.186550917482042,0.19439285723054,0.196473863082055,0.232635478773544,0.281428460730346,0.234001786998585,0.200058721063402,0.131634441774347,0.0979821888652261,0.0686930393903925,0.0568568420469152,0.0458378467433636,0,0,0,0,0,0,0.00489409301015261,0,0.00788186111153736,0,0.000976364491330385,0,0,0,0,0,0,0,0,0,0,0,0,0,0,0,0,0,0,0,0,0,0,0,0,0,0,0,0,0,0,0,0,0,0,0,0,0,0,0,0,0,0,0,0,0
292.532,0,0,0.130404560095731,0.0129686032333098,0.118021760436275,0,0,0,0,0,0,0,0.0878647032921412,NA,NA,NA,NA,NA,NA,NA,NA,NA,NA,NA,NA,NA,NA,NA,0.23283391612079,0.230035727612746,0.193474095056552,0.19222304436289,0.263745992642661,0.267276116473422,0.249664112875038,0.27361368023994,0.247728105754603,0.293651822491243,0.269082081117365,0.264370749528955,0.180924006340546,0.179909220384896,0.162058528922914,0.0866876359049707,0.0498556618533606,0.0423176429844532,0.0218738376590463,0,0.00978486019285308,0.00284606003168256,0.000927453415027265,0.021318332795005,0.0096731822900662,0.0173473684906697,0,0.0270605551473209,0.0115851421341598,0.000933706511203911,0.00971868122485067,0.0126546123486427,0,0.0205494438999768,0.007824840181636,0.00393394117384825,0.021845718132785,0,0.0201040082799954,0,0,0,0.00640975914504081,0,0.00766018328398395,0.00214551457169987,0,0,0,0.0103191565911135,0,0,0.00782728040433521,0,0.0114323818916261,0,0,0.00986209697549916,0,0,0.0131938143481292,0.0121761576312213,0,0,0,0,0,0,0,0,0.0184761530698459,0,0
294.794,0.150336400828793,0.158858987258048,0.119556522393557,0,0.0542932354131658,0.104735493300224,0.121560707284995,0.0553894276239412,0.0650593724666889,0.0437229963187468,0,0,0,0.134499402889178,NA,NA,NA,NA,NA,NA,NA,NA,NA,NA,NA,NA,NA,NA,NA,0.268546571373316,0.198383645623071,0.158618119600537,0.223583889856054,0.219894939229359,0.243298796311072,0.237725358829549,0.267196163180083,0.273153822664678,0.293416322037297,0.249841062516555,0.241382595182604,0.179656334437461,0.154836420241327,0.164094267488098,0.0863373792126848,0.0717224165619744,0.0349676061308568,0.0396014427339184,0,0.0162100645621086,0.010450909624153,0.011312261264226,0.00279853773187856,0.026360263923819,0.0168414344861871,0.0291982934176997,0.0245090706219637,0.00756879715749696,0.0189702867447125,0.00469451324811277,0.00952249625971311,0.0200438778622213,0.0259346072503908,0.0231790311060997,0,0,0.0205899703126528,0.0198770702918538,0.0120323836442412,0.0091995449429167,0.0145836910820106,0.0062933364215518,0,0,0,0,0,0,0.0361379712785346,0,0,0,0,0,0,0.00955279302156673,0,0,0,0,0,0,0,0,0.0017930851990261,0.0045241731779155,0,0.00612299262194835,0.0102839165562326,0,0
297.056,0,0.0248496037216032,0.0949785789157519,0.0914377828114882,0.20167444267393,0.123589706455165,0.128722450625692,0.078145643000416,0.19783490894417,0.136537565944322,0.0627242402530625,0.0108927563976205,0,0.158630158236093,0.16307448177281,NA,NA,NA,NA,NA,NA,NA,NA,NA,NA,NA,NA,NA,NA,NA,0.238649944478554,0.20708279706943,0.199942540698283,0.186597832729734,0.245074023263719,0.220950076137541,0.214156599579464,0.229503301665686,0.24807164000217,0.289768000151313,0.28314212214912,0.225586668131632,0.183195028736028,0.147345311139778,0.114415872447793,0.11220798177465,0.0636148406871669,0.0433740200468074,0.0224999169805743,0.012052426249995,0.0232230108562941,0.0193762790716441,0.0239237519976884,0.0183627173731498,0.00633675598682961,0.0119489207353941,0.0331677924955514,0.0166356934819725,0,0,2.13057064241581e-06,0,0.0158855750628491,0,3.93404670907477e-05,0.00381112208585094,6.72968123490555e-06,0.0126299092418904,0.00490317195479192,0,0,0.0123386743531215,0.00413900029168151,0.0145866127612784,0,0.0148022682560319,0.0355355809155485,0.00215743757414426,0,0.0163871613009623,0,0.00411155893302988,0,0.0095937863630551,0,0,0.0153854514952324,0,0.00268927228010447,0,0,0,0.00185564951581417,0.012641608674432,0.0062414165347634,0,0,0.00171940732786143,0.0117328450958837,0.0159249468906188,0.0110101828188622
299.32,0.0355145780192621,0,0.0712826022888771,0.0119748514997718,0.0814383500770919,0,0.10273122461955,0.122129790006601,0.157213555203865,0.10749780717987,0.12610875372659,0.0890314207871165,0.0600588921264757,0.0385940352787186,0.119331542677705,0.157643141020931,NA,NA,NA,NA,NA,NA,NA,NA,NA,NA,NA,NA,NA,NA,NA,0.197910377149185,0.183479823994787,0.178006322042982,0.197511198785393,0.230649927186141,0.211784261731281,0.223439832736038,0.251007625530316,0.23042849837726,0.24867361382274,0.198582073077705,0.208896642293835,0.185532768544996,0.139815426120656,0.115706885240189,0.0899786532064151,0.0437744385602396,0.0175403032378184,0.0211252261725785,0,0.00261819651603647,0.0108984519301491,0.00723640101434491,0,0.0044901513193098,0.0154131919047295,0.0026886264023541,0.00453099464749399,0.00172644018783679,0,0,0,0,0.00276107893633203,0.00465714987474321,0.0151081140446381,0,0,0.00486701881700834,0,0,0.00913256635095754,0,0.016507132689653,0,0.0180226004651603,0,0,0,0,0,0.00485645205508194,0,0.00889423724683661,0,0,0,0,0,0,0,0.00525531788531523,0,0,0,0.00936027667859688,0,0.00574876610845983,0,0
301.584,0,0.279142595026116,0.256429877653399,0.0823530604502174,0.20788617705083,0.210361328450678,0.0721238757797859,0.183331833341312,0.285195771527445,0.0864004879346088,0.188714836842274,0.099179724810091,0.123563569917036,0.0945605271868428,0.071751007985708,0.175604435993011,0.210173675490689,NA,NA,NA,NA,NA,NA,NA,NA,NA,NA,NA,NA,NA,NA,NA,0.2736288253754,0.205296933148524,0.211665725111916,0.218780422088194,0.235373506754335,0.230333430845099,0.231791463191405,0.256647932265102,0.245812339555569,0.213692604450866,0.209593928318666,0.221942973787187,0.177388967088709,0.149402245168956,0.109923408494947,0.0936374595247812,0.0555761792957434,0.0371783066146585,0.00626877352792559,0,0.015199315478887,0.0250796877943749,0.0248920180054481,0.0170056012280316,0,0.00985255285878459,0.0334062375466165,0.0162330049047633,0.0217183705323819,0.00174404932511592,0,0,0.00364149415738299,0.00462809168825198,0,0,0.000942204100840829,0,0,0,0,0,0.0193232820855079,0.0216271648674622,0,0.0213170540141644,0.00215126295448241,0.00318490496762472,0.00308803935913955,0.00195105039972633,0.0193095205050805,0,0.0326259569990036,0,0.0109565807206252,0,0,0.00348466246607409,0,0.0146758396846758,0,0,0,0.00512378548184783,0.00924297599304621,0.0108184809430265,0.0162794069195075,0.010852362115909,0
303.849,0.0258507785809025,0.172623158013001,0.357539199783843,0.207053752039662,0.261742661179763,0.33601033430591,0.161523839487138,0.242695932430781,0.136361796260203,0.170854087064998,0.208340072683924,0.213149301482841,0.207234529792114,0.14508445269274,0.124069138353427,0.110828130758,0.271624994527397,0.273943271437362,NA,NA,NA,NA,NA,NA,NA,NA,NA,NA,NA,NA,NA,NA,NA,0.27227740641174,0.246186240456144,0.218018536267386,0.224004933126148,0.216969509210184,0.229625118853393,0.238356580789918,0.237289572749923,0.238223615115466,0.216246591749353,0.218831001254079,0.196266913697403,0.171198410850809,0.121977389681067,0.133089594815155,0.0700169990980376,0.0643572000459294,0.0454277323911477,0.0256544111447816,0.0441728356585971,0.0291022910582054,0.0175256357683558,0.036179524156957,0.0610220864124415,0.0106142045920321,0.0150394470799236,0.0284932715424339,0.0187376009925075,0.0195215023756115,0.00806022796989382,0.0198897019485634,0.0117630610278895,0.000855368731096717,0.00915534650246533,0,0.00561198151273866,0.00379204844312371,0.0233964820414258,0,0.0189074439202619,0.0209299214359083,0.00998661228746405,0,0.0133868263908627,0.00626702630789093,0.00526946712474613,0.0209221531059233,0.00606159697221867,0.0267214541442701,0.0142815232511398,0,0.0199493561807612,0.00486358696222644,0.000736295249663929,0.0147100956488395,0.0137644034600732,0.0240273566956959,0,0.0326022380323765,0.00776913180240102,0.00515066328132922,0.0025425111644476,0.0160248194643265,0.0116130620730225,0.0122891537742945,0.0152317290768284,0,0.000700553545350608
306.115,0.104617616316139,0.109197155666356,0.0484821909594652,0.0931371213333957,0.141520043119645,0.15379420835534,0.169953113403885,0.0348690255209125,0.123310909513821,0.0848475415356292,0.178365263072395,0.150724966101478,0.184338426137033,0.157902910301567,0.167371553367899,0.145635104557245,0.125142863594849,0.16020105620319,0.241476740842777,0.168275744524778,NA,NA,NA,NA,NA,NA,NA,NA,NA,NA,NA,NA,NA,NA,NA,0.219509472906992,0.19673645206953,0.165024991767649,0.216902650181747,0.22806914761067,0.228240618847881,0.212781702363303,0.208712242514811,0.226447533277243,0.210349746867813,0.192601468445907,0.148701340665446,0.138837944600631,0.115513107694078,0.0586514715122529,0.0541080680398327,0.0254842357850267,0.0298973714612738,0.0307243814616405,0.0103659195071483,0.00961641137989965,0,0.00258482295311599,0.000841728998583846,0.000843980837132351,0.00355919490196522,0.00534721452752218,0.0160849854498603,0,0.0099226794345515,0.00631585968731387,0,0.0148760678781872,0.000915869570618966,0.0132834964925071,0.0048423482404135,0.00686511124311382,0.00392473493841068,0.00493803076919227,0,0,0,0.00105020377001391,0,0,0,0.0137458636105725,0,0,0,0,0.0099140575503602,0,0.0102763692612373,8.34055270549496e-06,0,0.013616536010448,0.0102187355771443,0.00509400898670088,0,0,0,0.0073317849155181,0,0.00913557612036751,0
308.382,0,0,0,0.0924608129144811,0.21789700053538,0.106568260455212,0.126150839932077,0.112490047082163,0.105418153685385,0.0989645164990092,0.226506110430058,0.149168783975131,0.182164588744529,0.193028302296814,0.169732894467041,0.174157738042542,0.149005934752017,0.137914955681999,0.223290823686359,0.179261633051317,0.189652300872341,NA,NA,NA,NA,NA,NA,NA,NA,NA,NA,NA,NA,NA,NA,NA,0.19630501254371,0.155098924327574,0.205382018833576,0.236248989995915,0.238102407009784,0.242755202792436,0.226674637996206,0.195486681679081,0.210154104480772,0.196265382227975,0.154744035398192,0.156519033341455,0.133309008548976,0.0991837817895873,0.0893470264543927,0.0555867115487949,0.0451373665919521,0.0164368502956792,0,0.034692358203541,0,0,0,0.00700213347277707,0,0,0,0,0,0.00269256774326465,0,0.00733622287831657,0,0.0340287526250945,0,0,9.62361480855228e-06,0,0,0,0,0,0,0.00922955489203566,0.00207010117080005,0.00777703243590765,0,0,0,0,0,0,0,0,0,0,0,0,0,0,0.00491759244405331,0,0,0,0
310.65,0.0165157370783919,0.121612498773297,0.177038787527678,0.0725344601733085,0.221334842468546,0.0851561190328667,0.156866717322774,0.141119292847095,0.168917590382664,0.188988210320437,0.191887837478024,0.194128028882829,0.384050955882832,0.259986133043673,0.204288113478283,0.140080344179287,0.199847434589599,0.189105591206682,0.201855287146184,0.207584513680775,0.228843100579654,0.182924561733182,NA,NA,NA,NA,NA,NA,NA,NA,NA,NA,NA,NA,NA,NA,NA,0.235992963773714,0.207665762199276,0.222710906411849,0.23181436974713,0.23648277838721,0.240329559957389,0.239497118341027,0.222650229001745,0.214060425571031,0.197557867019755,0.187575870465032,0.151194268919954,0.121683757332675,0.101414096112285,0.0601767397473576,0.0567125811978645,0.0299836956104084,0.0332819448326021,0.0111371544672564,0.0180237718989039,0.0137388924832774,0,0.0381155290303224,0,0.0112827632784577,0.00522796173622716,0.00348468702845836,0.0114678795863417,0,0,0.000871296549675209,0.00181687306448739,0.0195778982365106,0.00947468549093864,0.00864350450498334,0.00483362116072459,0,0,0,0.00601172272108604,0.000997557877319095,0,0,0,0.0182812490229328,0.0157141182046958,0.00268939270474212,0,0,0.00977067200812679,0,0.00670075004348996,0,0.0032916677972586,0.0132522707907895,0,0,0,0.00407442989430511,0.0177548793967454,0.0143670740144318,0.00152841399234307,0.00592392085598855,0.00617346645249935
312.919,0.424395608936173,0.195978699443981,0.134306038672212,0.199103194542264,0.240426185753571,0.119119496258152,0.155180470898769,0.207619838024568,0.122775383248273,0.205257468268352,0.277774553437997,0.284904281824582,0.250437317007274,0.265753785074377,0.261892489988199,0.285716994896167,0.256324629790047,0.247368931807421,0.227262986319635,0.219626353844556,0.195260397037404,0.22911900868577,0.180318398821604,NA,NA,NA,NA,NA,NA,NA,NA,NA,NA,NA,NA,NA,NA,NA,0.270231480552423,0.274115199102933,0.244398018575401,0.249532868158734,0.234348999444289,0.229055641509732,0.243021077175866,0.20594916779444,0.194145830598941,0.186899101916188,0.198478896848352,0.159578241931788,0.128336132992948,0.114667970927056,0.0763139764037682,0.0846803233547454,0.0437974301563291,0.038146431163725,0.0390525236264942,0.0357628402395383,0.00251215769274999,0.0307501670920172,0.0171422775993939,0.0352790594928167,0.0207485675767729,0.0165296022492368,0.0235287076197579,0.00613331653155338,0.007925739990385,0.0286089381485198,0.0308333179586087,0.0119862860863194,0.00562804226044015,0.00756581500426107,0.0171802325598725,0.0095525979361469,0.0057872640440432,0,0.0168766553317032,0.0171542385269512,0.0121900754866213,0.00203685254234771,0.00202955606649114,0.00853871778732643,0,0,0.0325412698043061,0.0150260778586688,0.0319261160509461,0.0116457354112856,0.00250566009821362,0.00577049336870556,0.00739777482939033,0,0,0.0082786468004891,3.56496632964636e-06,0.00729827264735792,0.00480185421235203,0.0118291429112874,0.0123622380576792,0.0139346515960495,0.0047463617087789
315.188,0.396660571439463,0.0373028439687976,0.126628469570246,0.227790546414792,0.18431204708569,0.197116933376559,0.186331893475559,0.228011743452705,0.189218166846408,0.196698859947123,0.265489486015963,0.253634409662308,0.267967980598516,0.313806951531946,0.241807185769967,0.25693533108315,0.239159644477793,0.269528549848262,0.268656365728151,0.243981946126769,0.242813612737088,0.228947221636642,0.193536332938943,0.14565124661077,NA,NA,NA,NA,NA,NA,NA,NA,NA,NA,NA,NA,NA,NA,NA,0.284484425784541,0.230471066349928,0.244411590990403,0.247745251884189,0.231367763266738,0.230890056281933,0.222328836553121,0.181665262533038,0.168464644458377,0.174944194335768,0.185959474610615,0.159051110533614,0.154565027173305,0.114682792442795,0.0808144413973421,0.0813632361588968,0.039607587670094,0.0405062428256528,0.024525974016511,0.00931602445013847,0.0314691497833183,0.0136345055757922,0.0204928219448082,0.0343968330254055,0.0112216938606328,0.0060472224293357,0,0.0254469366849304,0.00714463146022187,0,0.00189918765970718,0,0.00189889956148421,0.0105418978771362,0.0228793615794596,0.00479021541345359,0,0.00196393706305784,0.00606470903429367,0.0101119370792008,0,0.00878355720530268,0,0.0136290814232137,0.00257204263729463,0.0091812645659224,0,0,0,0,0.00653482895820641,0,0,0.00242104036476573,0,0,0,0.00318263002787306,0.00235311965623331,0.00228029866875092,0.00660135170984262,0
317.459,0.148634984140706,0.308862944277812,0.282283707494841,0.158933472822192,0.309303253225787,0.237122815528944,0.213540286021098,0.335497577407658,0.220913811341362,0.163955238903597,0.308779424706723,0.252147493712856,0.26563989708849,0.259500901927698,0.271764604271307,0.291602491436235,0.292044311212381,0.27147248632024,0.296106739925665,0.271879102506403,0.241452501188526,0.199744394373801,0.166052590755241,0.130895250174431,0.137624583526203,NA,NA,NA,NA,NA,NA,NA,NA,NA,NA,NA,NA,NA,NA,NA,0.260480500051903,0.220521656019858,0.236091055648372,0.242243292555491,0.222346899507676,0.231284289501005,0.212654780813448,0.181593388136694,0.164223095791946,0.170866394739539,0.169535124336988,0.138393509202428,0.140723629708658,0.138096140677814,0.110387491144554,0.0744770648899117,0.0430278898041886,0.035685353745862,0.0391629407652873,0.0216599646320946,0.015053437123394,0.0133887419635086,0.0252704200828489,0.0101740246286567,0.0238397310637491,0.0205481734252366,0.00343154342625024,0.0366937571162943,0.00530565126276627,0.00444831726398268,0.0027187877799615,0.00646497569327869,0.0121384436349557,0,0,0,0.00774948697454662,0,0,0.0206454099679499,0.00572029530959201,0.0278412273734765,0,0.00857341745804429,0,0.00531729980750491,0.0101576027909047,0.00406148960361174,0.00725781128395955,0,0.00081223144459337,0.0169834361901246,0.0129669980625581,0,0,0,0.00778300490015857,1.19336316807836e-05,0.00831534071679674,0,0.00197806246768296
319.73,0.382242765365125,0.296611643972411,0.303543154630602,0.358879508654251,0.298392785347988,0.323632768655687,0.319660648782347,0.223392878617431,0.30082627821652,0.225290881986392,0.316876491518316,0.327200294389076,0.279330058563743,0.305083654026116,0.347344757328017,0.327500104822656,0.311643428697318,0.374940927489727,0.342983235414234,0.279578487689065,0.242778479211718,0.207358624298906,0.188737794714828,0.165506405429972,0.213611281988003,0.141758379316025,NA,NA,NA,NA,NA,NA,NA,NA,NA,NA,NA,NA,NA,NA,NA,0.283782357657824,0.215982502746903,0.196220985909161,0.228788126392271,0.21533750485868,0.223181999261481,0.213424134695459,0.182079645991511,0.171949466481715,0.176430042635625,0.19469618638678,0.201723951542345,0.153478334672064,0.152041657984846,0.107310220837374,0.090348058981849,0.0579371853943442,0.0597740607924572,0.0351946187901022,0.019693731582843,0.0271810299098134,0.0348124879457562,0.0182928023576897,0.022560639705442,0.0218444471536395,0.0135248395974936,0.0257269073256889,0.00604795228617455,0.0168003976199644,0.0270064083449855,0.0291112302550913,0.0146731558750795,0.0100405110811805,0.0332763551551518,0.00749220394295658,0.00761026695513333,0.0174048503733049,0.00877561476076893,0.00474967459287221,0.0254401829191184,0.0182575979126122,0.0271825432756706,0.0311941527530696,0.00635441713656599,0.0234652167031444,0.00355948924904974,0.0039483146073768,0,0.0197560460582716,0.0212861645904522,0.0165375725141474,0.014360637258038,0.0206368316397306,0.00473069466725276,0.0116739509932491,0.0176065991541708,0.00906041927359227,0.0258988210446517,0.0119840911335085,0.0181675319324602
322.003,0.02358318728564,0.0860201051334365,0.0834264081361467,0.156228759769195,0.0202664751651686,0.10419401125512,0.051648085827365,0.121432720338063,0.102818928820006,0.204078954012388,0.212371524429459,0.180741164816545,0.23764109933244,0.280624921857045,0.223032249890795,0.311430854645011,0.274255202689816,0.276040903961512,0.268561665857704,0.24098968435055,0.236928459455481,0.203758579745384,0.18284081666595,0.144879534855109,0.0964296721192542,0.133636038813639,0.0965962759854303,0.0674426250202977,NA,NA,NA,NA,NA,NA,NA,NA,NA,NA,NA,NA,NA,NA,NA,0.173213762753247,0.178636959966527,0.189537953743661,0.200882547720087,0.168743598577717,0.176685777894142,0.172370847836391,0.162856867901956,0.186153117766174,0.198966859352225,0.203560387158018,0.147454705103273,0.105898690407335,0.0839827250540836,0.0424494066281294,0.0336034942383663,0.00730676597352219,0.00656694106868229,0.00489898749422291,0,0,0,0,0.0033524281168645,0,0,0,0,0,0,0.00176143382946137,0,0,0,0,0,0,0,0,0,0,0,0,0,0,0,0,0,0,0,0,0,0,0,0,0.00294595947763276,0,0
324.276,0,0.138296437915968,0.155501601173559,0.174234438104328,0.199700800441579,0.205137123551191,0.264247548513912,0.183417445054152,0.171939863882291,0.176086617440718,0.219960074094521,0.23588033311103,0.29568666702316,0.298362687420812,0.28374276676597,0.307369500785936,0.331257392063888,0.293568283257772,0.329534175594706,0.249071236832567,0.230946182444242,0.216769272654995,0.193228581905845,0.172403367101624,0.119153648915379,0.128250580890855,0.121104754472935,0.114710559875983,0.0799256944384734,NA,NA,NA,NA,NA,NA,NA,NA,NA,NA,NA,NA,NA,NA,NA,0.168656985688457,0.17713909537537,0.160882399424728,0.168330577840039,0.189603528687716,0.187701287907938,0.191313693850564,0.189834308896331,0.224728961062625,0.227661339272905,0.212796689376052,0.203370598422925,0.129174970413811,0.0876539352664287,0.0600203758610008,0.0353403631653979,0.0330092228918896,0.00489217097815345,0.0249447703390141,0.0108879955752205,0.0142473214887284,0,0.0144404572150797,0.00172077313329944,0,0.00176454399281254,0,0,0,0.00921531712946844,0,0.0168851126283569,0,0.00488428586901526,0,0,0,0.0110056660384642,0,0,0,0,0,0,0,0,0,0,0,0,0,0,0,0,0,0,0.0162878405743063
326.55,0.00757556835176689,0.181037763820021,0.155294355433482,0.13917804872885,0.16233850299373,0.147217201456353,0.232567691160287,0.211780873978867,0.144827652531044,0.236944074205527,0.161632213529461,0.193877630987309,0.189508388999868,0.311975342052786,0.337873476895159,0.207227428399285,0.29223522412123,0.330184187448954,0.290068965633229,0.279566899335004,0.213709758486122,0.211782793648619,0.212238733225309,0.18583512742986,0.167030912960776,0.107924149649185,0.105860247383854,0.132609546855743,0.138186500045725,0.111210472563336,NA,NA,NA,NA,NA,NA,NA,NA,NA,NA,NA,NA,NA,NA,NA,0.19468794945934,0.163136735862601,0.172155405960997,0.170873678753595,0.177375110460182,0.188417327996406,0.20338937838378,0.269999478499154,0.246751849992384,0.273258971601445,0.225750954063516,0.184432174501168,0.143925778023117,0.0622800954104488,0.0639812858861083,0.0395154058399376,0.0213332605888149,0.0124187922218582,0.0175344190285281,0.00832467451524801,0.00837683840411743,0.00844460964335964,0.0189145668109868,0,0,0.00631125026593146,0.00728854343510382,0.000832551103008108,0.00736344663761952,0,0,0,0,0,0,0,0.00727066558106645,0,0,0,0,0,0,0,0,0,0,0.00314214369223704,0,0,0.00465846278612631,0,0,0,0,0
328.825,0.268838119804895,0.144527413820729,0.23291832106349,0.0920652804841041,0.262615399318919,0.267165130997833,0.272128834158534,0.277496747794422,0.259563173190469,0.236932154429756,0.368624025131633,0.254890109620417,0.298149171719136,0.255207093890479,0.35116542050389,0.287198625093197,0.328275166013593,0.3470879872554,0.367873257397483,0.296152203883677,0.27374949076314,0.281647815505893,0.263751208128373,0.210628264626029,0.184386673986021,0.164478093664481,0.162266458096385,0.125983201671975,0.142014839948457,0.107508237624593,0.135537935804774,NA,NA,NA,NA,NA,NA,NA,NA,NA,NA,NA,NA,NA,NA,NA,0.173311688138532,0.174812621307121,0.184286524416523,0.185754382638851,0.219878777663953,0.232111266861503,0.258728504398214,0.325229173960633,0.292082886275151,0.259389119968167,0.2155145981316,0.18165776946057,0.143734411504589,0.0862174762098775,0.0444755166539605,0.047045441216996,0.0314858696539745,0.0242296096989589,0.0276546927639874,0.034603567364017,0.00337300528361509,0.0180647894962829,0,0.00881134608595693,0.00988821883759185,0,0.0174857782212803,0,0.00275596779904822,0,0,0,0,0,0,0.00178236920793548,0.0131762048846679,0.00331630264877288,0,0,0.0035611907755138,0.00878822312796576,0.00157648124783212,0.00316308273422397,0,0,0,0.00479459958419997,0,0,0.00460293979272805,0.00150689016540607,0,0,0
331.1,0.309609648323229,0.354682615346931,0.0963455644056194,0.324448837092324,0.240781364318632,0.327929154107812,0.254002350495792,0.296768806283265,0.216566950573535,0.26484304953472,0.296454719981821,0.31099654913177,0.321220075988462,0.31921262717072,0.277095848668466,0.288836425187957,0.389599300233935,0.349926611999617,0.331646528228353,0.338503296420588,0.281328118338235,0.282262163935095,0.226226224674992,0.230398519720762,0.202755606977242,0.173573620070856,0.16275721923383,0.142078650343776,0.124756612398931,0.11944548442001,0.147078679074456,0.138157085856292,NA,NA,NA,NA,NA,NA,NA,NA,NA,NA,NA,NA,NA,NA,NA,0.196638763521468,0.185230124141834,0.163610281850329,0.205855364912031,0.238535190916571,0.312140721230512,0.355535436677039,0.338645807163817,0.307917827452571,0.246400773101867,0.220858556368382,0.178304142728782,0.145662888793949,0.0919362014591608,0.0674066537569682,0.0462882439444324,0.0132871827127427,0.00501420381330166,0.0210052617569596,0.0109654395981676,0.0145998687796222,0.0113147280747197,0.0363010532474719,0.0144120235706949,0.00729496987437701,0,0,0.0138721010109686,0,0.000962455163935303,0.00484644860631966,0,0.00189258397567327,0,0,0,0,0.00554305112880998,0.000774892558079639,0,0,0,0.00794237921462127,0,0.000808037919979976,0,0.00718168525735545,0.00630434778771641,0,0.00153782354747113,0,0.0103992624925641,0,0
333.377,0.266080251808505,0.272929743100676,0.0571868712139682,0.281682901029589,0.228648248353869,0.25948490172091,0.260837060728667,0.27012767575139,0.249258987015254,0.287807130844685,0.260656503295462,0.242390404353756,0.333566552147322,0.311174502590993,0.316267092117711,0.339681041335985,0.364499428897822,0.337124038173023,0.308138730201865,0.325299547843,0.321461378844959,0.296328800977524,0.285710034786966,0.240712357779354,0.178927117160247,0.193210693339306,0.181640456892558,0.180252087300918,0.134829045735498,0.150354711722911,0.161518073909211,0.106654849803525,0.108951228018293,NA,NA,NA,NA,NA,NA,NA,NA,NA,NA,NA,NA,NA,NA,NA,0.194665910201852,0.164986304175709,0.194683226742828,0.215759228468563,0.308399234530629,0.356306961212414,0.381233170266234,0.332373932019929,0.27863661752633,0.229853545961104,0.199822832824225,0.163269784942162,0.127167453732401,0.0840992986196712,0.0632175406791007,0.0686630397564187,0.043955274856309,0.0283703306928112,0.0201461040820078,0.011077199983204,0.0129373927440541,0.0114197191834897,0,0,0,0.0109363759629248,0.00368377423698462,0,0.0141655783967811,0,0,0,0.00752811630133663,0,0.00179308067392265,0.0100737903926607,0.0103835297600544,0,0,0,0,0,0,0,0.00633438166824522,0.0174421778557377,0,0,0,0,0,0,0
335.654,0.247453689759782,0.256134117513068,0.171706757408696,0.148002304778865,0.175071534175634,0.234407760147191,0.202509744006802,0.191639640728881,0.239583346356602,0.218312280906022,0.268439435057911,0.259377911466425,0.233062245971642,0.275302594932158,0.29817919861793,0.288948071228902,0.278124622604129,0.305813305059228,0.286677607602824,0.308491875616148,0.317167697891299,0.295452169937566,0.286477491917724,0.230072011557676,0.207330701864378,0.178259432708119,0.206126175923514,0.198579066924685,0.118317230276216,0.140310740852327,0.091190265933392,0.11498847537555,0.105774640477757,0.0966739996110015,NA,NA,NA,NA,NA,NA,NA,NA,NA,NA,NA,NA,NA,NA,NA,0.172561128924321,0.160769756592197,0.20207481092855,0.292316222120776,0.378269075209961,0.431553382191997,0.377773291087034,0.298029335946053,0.260959286811524,0.217576670981047,0.181284800594373,0.137429147197826,0.114943975415641,0.0700026652605675,0.0565689916582474,0.0270474882755379,0.0272634809588172,0.0108000607675935,0.00587763505759122,0.00336899704095205,0,0.00531480835819202,0,0.00539321486490395,0,0,0,0,0,0.00286714935166351,0,0,0,0,0,0,0.000763481741765258,0,0,0,0,0,0,0,0,0,0,0,0,0,0,0
337.933,0.436761632856157,0.261400191034641,0.302534168465494,0.311026670416669,0.255846489148787,0.218228061454679,0.278038249015234,0.365211963530686,0.356897937763403,0.318060908885915,0.305868490665899,0.303932090701554,0.381287193286868,0.355651055872995,0.344154071502464,0.310346807271498,0.358637378081182,0.341754670427615,0.314490614371603,0.311270727334329,0.291360220952202,0.325911273462207,0.257187598989487,0.287430390162819,0.24211119914629,0.224416628139928,0.206526654131112,0.213085332407331,0.204099899860979,0.14370931237633,0.164413625211454,0.182155091851597,0.169258797048852,0.144594980217746,0.110628588448729,NA,NA,NA,NA,NA,NA,NA,NA,NA,NA,NA,NA,NA,NA,NA,0.187424821325927,0.201212289537533,0.255723841927416,0.359238255453435,0.437458865339774,0.407962194347992,0.336921822570127,0.302611509059157,0.259699727587956,0.208566439955787,0.178827174091775,0.175899835196565,0.128435647665981,0.113073520183915,0.0905048294920223,0.0557910213430317,0.0338240040161205,0.0234462035814876,0.0161092727377561,0.0215469242318333,0.0157916440606007,0.010652438870226,0.0124758498891723,0.0152010945583074,0,0.00638314873992698,0.0213534652022478,0.00947388282301769,0,0.00565220610818717,0,0.00357746837118748,0.00429289181414594,0.0016238065402253,0.00863319091241715,0.0169763691765617,0.000703317191210124,0.010905485136177,0,0,0,0.0016270046238807,0.00393231390141878,0,0,0.00608868265204424,0.0179648352552882,0,0,0,0
340.212,0.448107944558389,0.391765767008824,0.218150725184379,0.380464577948066,0.359656169653943,0.307554931213752,0.228315963431857,0.294892545628569,0.338633730014083,0.152058549946694,0.365193726347823,0.254799933227536,0.339755820892092,0.327687282984542,0.32348145071461,0.384401398300129,0.389927868790986,0.304386455233692,0.373264298266303,0.343348186476107,0.334666889820888,0.330717754450394,0.293419756270824,0.300502855529718,0.254988481440251,0.257151065585715,0.24885831392543,0.180341712649347,0.216470778061751,0.214074865072374,0.150936135097607,0.144645198351799,0.13733270671591,0.123323544323326,0.126806090600982,0.102832062905833,0.125864591567132,NA,NA,NA,NA,NA,NA,NA,NA,NA,NA,NA,NA,NA,NA,NA,0.24000230084132,0.289115690476174,0.369237639522609,0.40100854445041,0.341657131232353,0.295049069942817,0.273916753968221,0.228803536383471,0.189891770788193,0.198875350448451,0.15601114146704,0.142634122214759,0.107405613775994,0.0755828632430318,0.0555849165697965,0.0373132762518153,0.0294180232488871,0.0197071348264425,0.0225932703154874,0.0167126212793552,0.00441682382353967,0.00620230453224596,0.000868198525663782,0.00360760035113233,0,0.00558254710920261,0,0.0270569296367675,0,0,0.0033758609299412,0.0122029023819824,0.0146412560660957,0.00439119137531343,0,0,0.00228851063585481,0.00229705203492148,0,0,0.00235240837841381,0.00542221880082732,0.00380115965941323,0,0,0,0,0,0.00125113660803701
342.492,0.147392254131709,0.311815654271748,0.129205106296807,0.277035031657962,0.10982568712985,0.277808847801175,0.285239623956186,0.25665730073864,0.225992812234188,0.270602258415577,0.264559464152473,0.292263534992442,0.333821213048775,0.265298939207791,0.320225137589655,0.311248458067744,0.324340818695375,0.343249744761134,0.330734412220968,0.293169788025122,0.297081166851374,0.2952409113175,0.293502553584384,0.283459784562999,0.274381217845134,0.238829535998671,0.289101499951497,0.216237634936349,0.230562325144267,0.218539117807704,0.210259262439122,0.155445295752039,0.169139101684025,0.155654540827916,0.12560047686793,0.144578512614426,0.0890300065662848,0.113895415754591,NA,NA,NA,NA,NA,NA,NA,NA,NA,NA,NA,NA,NA,NA,NA,0.244336337524153,0.267243239651193,0.300635086208873,0.297046865438291,0.275852040347861,0.262718976711508,0.217984271445719,0.188091029098177,0.194641368590936,0.2029473610528,0.158816315807756,0.137597321782972,0.112714732916775,0.080959133958629,0.0533723105472093,0.0216056222270855,0.0448426452316165,0.0267114353602686,0.0209057178805813,0,0.00263519343044495,0.00710386308017609,0.00178690050070327,0.00818498525165666,0,0.00654943168109428,0.00270215498137268,0,0,0,0,0,0,0,0,0,0,0,0.0189325319544147,0,0,0,0,0,0,0,0,0.00373338729751502
344.773,0.238914658500585,0.267950234035471,0.349933149563166,0.318536096426109,0.41371688847637,0.371157039165831,0.333611901683477,0.332736209659648,0.257068325977406,0.347530802661128,0.29471307398347,0.332430180332674,0.331574001881474,0.311512740288539,0.318189195393574,0.327615952372413,0.366662066068924,0.368723476564155,0.334189218710681,0.360437830444725,0.351884772293971,0.325539676654416,0.310608879365497,0.309887612434553,0.246677637192398,0.216147772447596,0.262994582724046,0.242143949810439,0.251478091359587,0.224107817413934,0.207730508251659,0.205979389304951,0.154616679386103,0.129591807413798,0.13094374805336,0.143666942202594,0.135910429548196,0.12583282011283,0.115243821953605,NA,NA,NA,NA,NA,NA,NA,NA,NA,NA,NA,NA,NA,NA,NA,0.241612541171338,0.263916429784968,0.270373678101315,0.264778101215728,0.230661716797059,0.238489473537556,0.225252322549685,0.214536554489439,0.200009546452342,0.18476576985844,0.186017954288609,0.139965804854538,0.140847271263714,0.0971335250906611,0.0603219774776306,0.0420201266950257,0.0127705879278946,0.00948802149673345,0.010427699626639,0.0104566510046286,0,0.0186190030533986,0,0.0174798702214068,0,0.00363530403339075,0.017830143632763,0,0.00747665527810965,0,0.00754566697704754,0,0.00269848983593196,0.0113633482608464,0.00676092291503028,0,0,0,0,0,0,0.00811113687255537,0,0,0,0.00667293337562435,0
347.055,0.370412136177987,0.205349706508278,0.312613784855357,0.202561343464938,0.423321862855145,0.257396973005031,0.195159115793327,0.250545584452144,0.332756638765444,0.234351658569578,0.191893142983518,0.307549906575518,0.305086352970746,0.308257491766329,0.312595619331453,0.258288365929537,0.347013871554098,0.354352420561287,0.379508708144067,0.330439335560492,0.323858019225988,0.34019001956914,0.333372913014753,0.272723959302208,0.284400245395057,0.247369006856245,0.285491589833514,0.283708525775963,0.231992590448766,0.249468718028279,0.223870844923741,0.215242510578559,0.213988834587865,0.18281323580875,0.160149450423586,0.16186877038503,0.150871360457786,0.15393801847856,0.136791277113254,0.12169846648338,NA,NA,NA,NA,NA,NA,NA,NA,NA,NA,NA,NA,NA,NA,NA,0.220184687491329,0.232039951019547,0.224792919098453,0.227898601507188,0.244272495638162,0.256861841573127,0.254165951056307,0.233550456732212,0.256562004045355,0.221406617196911,0.206044020215332,0.186366985503011,0.132824883873262,0.0726066393163378,0.0443607113645083,0.0521375687345364,0,0.0295705899632237,0,0.00172519699293381,0.00615668500260811,0.00174686273249695,0.00180936753684487,0,0.00912559379507194,0.00533570719035824,0,0.00502114135857912,0,0,0.0107585619544491,0,0,0,0,0,0,0,0,0,0,0.000719047313545325,0.00357556937560195,0,0,0
349.337,0.35445853442196,0.535348221812187,0.416759824315397,0.538513837797723,0.353154137847323,0.356710555791699,0.407549440732648,0.428427579378543,0.433550012528921,0.343060695893347,0.287736420491214,0.34665831765594,0.31073881254048,0.425657639434291,0.346960317655566,0.393246920319296,0.384774745410924,0.422727388221364,0.413759239587241,0.369630172510878,0.334765368028785,0.402248602636,0.360669202452158,0.322900705279999,0.308426067435738,0.320455334747274,0.300303054269748,0.311778443015606,0.247274614906939,0.303213513605056,0.234533841045541,0.233633219110825,0.222826903304246,0.223635550074545,0.196696733978565,0.167749008349757,0.143440093498435,0.160578812394645,0.160259210024281,0.142594316610487,0.13032995671359,NA,NA,NA,NA,NA,NA,NA,NA,NA,NA,NA,NA,NA,NA,NA,0.215440072759593,0.201259070015756,0.216717406459948,0.260369706828647,0.237767425489576,0.251374638214154,0.274891209264305,0.288559263683064,0.277403680087843,0.245587959231626,0.216580167823481,0.176555536634059,0.139321648711372,0.0913191730334391,0.0537506164545595,0.0595323455912239,0.0313102150078885,0.0322522217564783,0.0262820278321301,0.023027492182598,0.0315804125986148,0.0294005463740961,0.0194200996667977,0,0.0134109673140593,0.0199268345695017,0,0.00558783479108649,0,0.0107665642270123,0.000673600294387289,1.98654250714203e-05,0.0255987710899898,0.00826226508174131,0.0127390029588808,0.00605228173948496,0.00837731972023675,0.00451386020942691,0.0104669358055176,0,0.00872754774083469,0.0014521649844385,0.00351728966511556,0.00666095716319595,0
351.621,0.438928067997253,0.3559565843606,0.225981560551212,0.399644675223869,0.387047914441575,0.364813720458683,0.348788282562243,0.315532162310987,0.31738241965091,0.322104077386635,0.271309916610312,0.306999510160685,0.304368180762071,0.299738487694707,0.338907190210853,0.35815609252151,0.341683949715286,0.35517648957122,0.365626794041769,0.377778917974397,0.300318907590712,0.362090229838613,0.342521578269218,0.343520726477763,0.336374439134646,0.310831150019993,0.298722756013321,0.281694385721866,0.263774217142327,0.284114352316202,0.237742505533928,0.231584506301772,0.243427491994903,0.239315150102926,0.241281662490426,0.193026815360357,0.169141561776703,0.160242016032197,0.157165341332421,0.15970342167109,0.142538404113172,0.115958542418507,NA,NA,NA,NA,NA,NA,NA,NA,NA,NA,NA,NA,NA,NA,NA,0.209438700235596,0.17371355115801,0.182313440046515,0.194587929002037,0.250282848465569,0.254763367731887,0.337144731708881,0.318144986412921,0.292266810187808,0.269140466595269,0.213725275663591,0.188520123100271,0.133126500105587,0.0792376488949219,0.0611521600452681,0.0433921636892846,0.0330056307261565,0,0.00702265892430118,0.00359739172587051,0,0,0.00454117612747962,0.00714144154892219,0.0181249097052951,0,0,0,0,0.00267579397515648,0,0,0,0,0.00229242174541427,0,0,0,0,0,0,0,0.00799518205383399,0
353.905,0.322400603584315,0.527436084572131,0.354181967479698,0.322767458356082,0.381639422228761,0.350603458905264,0.30232782324892,0.400266785722788,0.302520954275296,0.362683509516022,0.357032377082244,0.348545919739604,0.398279517815495,0.309764067352625,0.458727156862545,0.275397927715625,0.364500334016181,0.347036287410956,0.390904324896934,0.399514010868776,0.349976786860587,0.360171606932436,0.363891704180219,0.302448788224572,0.327783123587436,0.332634008496816,0.30209388585648,0.296080203566197,0.28498091970449,0.247472341813109,0.268380435329086,0.27290440261176,0.243812005937841,0.261215801843282,0.253632194596625,0.249701196188932,0.178682917117981,0.170452468757903,0.15027141980894,0.161337297764963,0.158310087073415,0.156198482769785,0.139904560561162,NA,NA,NA,NA,NA,NA,NA,NA,NA,NA,NA,NA,NA,NA,NA,0.227768776559873,0.188309612617781,0.168684459785733,0.217185064657676,0.253770731464112,0.357238131532091,0.340709218607214,0.330904961996131,0.316827809191807,0.277563839706206,0.229410013740828,0.172991417463562,0.136980275522583,0.110158685896915,0.0397749708855354,0.0155477539385384,0.025342336137441,0.00433523028525963,0.0116973067248149,0.0164943570784954,0,0,0,0,0,0,0,0,0,0.0150873260850026,0.00223749330977134,0,0,0,0,0,0,0,0,0,0,0,0
356.19,0.597959686251819,0.44995952153946,0.474200823066077,0.479600359659924,0.538291063621055,0.484270962496117,0.450256887545781,0.398196227104986,0.398410932368767,0.364251880879267,0.444837078069891,0.371307488499397,0.396499388061234,0.37187620900706,0.344695741125037,0.379229140506319,0.396860051435904,0.392615008056165,0.412928621631794,0.413397764943545,0.388584836859485,0.410300127359104,0.403053354464688,0.418528615730363,0.343997551804668,0.383368217219171,0.35792266822366,0.353764836258333,0.330489329638713,0.343144615900034,0.299235604812036,0.295271566406227,0.290949618051563,0.274596359955883,0.272458757226276,0.26523937759204,0.264575350496353,0.217986451614886,0.209560098857209,0.190614546837458,0.169946209562636,0.157260083230409,0.136895324595994,0.157343873843673,0.11624561934028,NA,NA,NA,NA,NA,NA,NA,NA,NA,NA,NA,NA,NA,NA,NA,0.179707443868653,0.219527750742521,0.264514968765634,0.381776511165274,0.407158589823049,0.401780217886799,0.396979976699539,0.337982075193729,0.270308791226827,0.226546303509999,0.166949080512374,0.162882170343616,0.101016249850083,0.0734425530167471,0.0644267766375859,0.0430478583257075,0.0448076041479709,0.0191735387187427,0.0128359980741894,0.0181525039101153,0.0256957995945418,0.0111554601792325,0.0148218102204669,0.024590204753203,0.00900508070723263,0.00283079856405149,0.00530483016407284,0.00450264141264994,0.00670645760079079,0.016409025242103,0.0223402640644145,0.00141231046675063,0.014234110445135,0,0.0178057849923407,0.0183419146300051,0,0,0.0194934026975918,0.00796298047150761,0.0152914788379066
358.476,0.642037259151148,0.564411213199036,0.686178856459694,0.4460095970115,0.462875272219171,0.415725606884658,0.39103351726457,0.439558217721347,0.415133824779183,0.386948575221722,0.379951687147709,0.439189693319077,0.392389723050465,0.42150183295316,0.446062750549695,0.430328997556392,0.393445696639689,0.428615399384844,0.404421852980137,0.386526535695811,0.425836031528185,0.4059786080177,0.417653854076668,0.40471216303154,0.391326268441181,0.386068338081904,0.349188775193076,0.340411745811774,0.340189377213644,0.337479251567903,0.322050251964363,0.322121316922567,0.292225142031733,0.278257611144084,0.288204952855906,0.286291933674973,0.28252475689423,0.281080452423822,0.219008912866038,0.196273008940633,0.216029497346891,0.171361179572127,0.163089808318412,0.178948395387428,0.152287376207542,0.124319615687559,NA,NA,NA,NA,NA,NA,NA,NA,NA,NA,NA,NA,NA,NA,NA,0.176992718476938,0.240504635717992,0.337546727799252,0.406673250112797,0.423421377011813,0.399664425020694,0.344165335079646,0.310336358210266,0.250732630587,0.194369454065967,0.178591205665172,0.145504494779512,0.114618577830097,0.0972387520972194,0.0885929876939596,0.0420153320069736,0.0654840701257379,0.0247247786621113,0.025351235320688,0.0327333518005314,0.00943226290904218,0.0222553147171323,0.0182185900879182,0.0135312006550146,0.0121143463956403,0.0120845770430737,0.00150998941482143,0.0126826026422005,0.00667890931244729,0,0.0103705831007137,0.0149813993517568,0.00669442568433264,0.0089101436711986,0.0102471142213742,0.0180322944264712,0.0192013632743287,0.0139149435784567,0.00928300745106306,0.00183274998923965
360.763,0.737735441416265,0.602861711674827,0.73171751809614,0.628383300151503,0.662078312155994,0.458308530719391,0.463656580952466,0.498524888890952,0.402714253455026,0.452560861695927,0.343830646966357,0.42861880545063,0.4048936735579,0.414488475160464,0.446876199149137,0.451296207622227,0.446218339550986,0.417008798016743,0.457214689702564,0.412228354903351,0.433688555763428,0.440574140355997,0.43771219353386,0.428152405908636,0.417882679770264,0.407970829322343,0.383135305697852,0.407345732276336,0.36021852161496,0.396371998147359,0.365003429714572,0.320987481312371,0.362687718397539,0.312303328838364,0.311174061759486,0.290658723530321,0.298096692800622,0.293187263673441,0.242207800651544,0.23880366725885,0.230096211873489,0.215749825799646,0.204050935553195,0.174956192358934,0.183026182654501,0.158007510404914,0.143830409622865,NA,NA,NA,NA,NA,NA,NA,NA,NA,NA,NA,NA,NA,NA,NA,0.220915650128132,0.280117493687179,0.37858578653923,0.425806003830841,0.416423423403085,0.375823819753378,0.311603026405024,0.277088721400621,0.238281520918466,0.211141423260915,0.179278956502289,0.139952199132019,0.104628187661336,0.124032605309049,0.0747885081545174,0.0597469991155313,0.0793773959439047,0.0405513345413867,0.0307963514585692,0.0264569221593379,0.00490479552788717,0.00865519784403392,0.00443892370841244,0.0134087149206277,0.0126705038214249,0.0156836344912473,0,0.0162937981173046,0.0221740302610011,0.0244124794821598,0.0200309610815285,0.00664957595719171,0.0162130798740544,0,0.0150386335859962,0.00706696008106827,0.0103194917114611,0.00592575853594443,0.0127519930918307
363.05,0.681280022209388,0.673269348494568,0.582860230958465,0.478982371886577,0.44792443508481,0.433516041824559,0.362694216589872,0.439275789594869,0.499582132049467,0.36633858336578,0.404376359218835,0.378255397348672,0.422037152497107,0.359632971647438,0.395870639751753,0.389955182126465,0.433279576028853,0.418476404684832,0.414966322760987,0.418103250172368,0.411987900573018,0.418470006806818,0.393532510813766,0.378716707395226,0.407390284381688,0.35024377408311,0.388304085707231,0.346812601350367,0.381588483407921,0.365111695761603,0.354928946322544,0.342155135203202,0.36155461123378,0.32934361366801,0.320778363105966,0.303170288111954,0.285347497035464,0.30267047548272,0.30396788280693,0.24436971270688,0.216245596381917,0.19656798412847,0.199488828885294,0.186814100033641,0.173095157677925,0.153927172738655,0.131926497193141,0.117166917799666,NA,NA,NA,NA,NA,NA,NA,NA,NA,NA,NA,NA,NA,NA,NA,0.207040952962998,0.267436387438471,0.308166183759398,0.362705519888319,0.381537342971562,0.330742113313562,0.26796442649475,0.232616001720667,0.200530444624118,0.183331560031774,0.129639639368549,0.132359806906048,0.107563593426767,0.0911137941209488,0.0575733762608453,0.048936635081593,0.0232087309787831,0.0174835395187198,0.012756233624344,0,0,0.000770459839687145,0,0,0,0,0.00737010871922265,0.00148568423839656,0.00144655717322325,0,0,0,0,0,0.00212732802954755,0,0.00260733716651205,0
365.339,0.645018922311608,0.680618839982201,0.62533933490835,0.592527418270987,0.478066594840145,0.614519585229289,0.541342048850651,0.529361215503632,0.449345595993254,0.472298710361558,0.513118097581742,0.472140520613006,0.465751749570229,0.442019115710076,0.447494219225312,0.442183528755566,0.507788061058019,0.426273012414418,0.434491810163965,0.427935588861124,0.475843110194837,0.468223427161737,0.473553602898511,0.469537667116131,0.482708885801917,0.437544868587075,0.421929349436252,0.414431724867376,0.415691206551557,0.392650004885338,0.436403789546889,0.394733536025868,0.370048247608661,0.360921567451999,0.355885282110953,0.371693763243733,0.30742394243867,0.303299969951079,0.308857055018925,0.308732991631763,0.271045642021576,0.254124132143524,0.248286897911875,0.227631491832532,0.207937775941029,0.180716660615087,0.169534563935634,0.168487088028352,0.152756259064932,NA,NA,NA,NA,NA,NA,NA,NA,NA,NA,NA,NA,NA,NA,NA,0.231114072370734,0.282957399742222,0.362643848736922,0.386841149708896,0.328570479768368,0.327648610135523,0.26462533984249,0.224748588815843,0.186702299526057,0.176773628796804,0.170390989438006,0.160768834693781,0.164004947851331,0.118698537754171,0.0808526743205617,0.0737593494376445,0.0477029434880242,0.0378185862146773,0.015376313591885,0,0.0228534036749606,0.0188510544842093,0.019048660152397,0.00660438449927421,0.0139287731687618,0.0277713441799132,0.0291618374652021,0.019765671534069,0.00958637975831535,0.00733756226020765,0.0109016529061751,0.00862136733514454,0.0219156872693222,0.0188323968696238,0.0163946987794046,0.0175470258331072,0.0167602815134628
367.628,0.809885565668174,0.773095747830834,0.666635861405966,0.697719203409825,0.617256890924987,0.60831460998928,0.604497291191007,0.520171354714506,0.476539456490409,0.454469798875904,0.483418290658774,0.44122064569293,0.425291489798665,0.455459055899717,0.357489823869525,0.400613319825726,0.445546039314279,0.45069092703272,0.467253778142103,0.423707835761314,0.435404408991485,0.44751032887847,0.446490653670719,0.454236548289598,0.418049446529414,0.441995933638281,0.425248593178882,0.40447287357874,0.415169105837545,0.413688447234702,0.438918132178084,0.383329689479252,0.361180297879427,0.35632444391641,0.406354020751007,0.347332146395602,0.30948023834759,0.313670614173358,0.315668473906658,0.308479870454234,0.307144621941016,0.248902560260207,0.241754366969704,0.215808553650975,0.1784587208427,0.206088721741944,0.170145539939787,0.168389910692023,0.165676731419547,0.13912591035316,NA,NA,NA,NA,NA,NA,NA,NA,NA,NA,NA,NA,NA,NA,NA,0.260302532419137,0.262592665481192,0.315770550077665,0.321484624548757,0.326017178928926,0.266993477051472,0.218445178364211,0.195869585631019,0.17592585984326,0.151034945071077,0.195100790454993,0.177202302268126,0.128082940165873,0.0631405914167858,0.0703173706531411,0.0558218121411566,0.0216154295187332,0.021614952908174,0.0138397243422574,0.00364356331087083,0,0.0103776728701141,0.0196799948788766,0.00653711629416064,0,0,0,0.00147569590824521,0.00726380918979838,0.0079483065735596,0,0.0105249023789768,0.0110484822622578,0.0020341064899279,0.00581707305816426,0
369.918,0.49604876408756,0.533230372053443,0.574737136375005,0.519636739552561,0.489651692037056,0.418417926420585,0.429012637444187,0.471971368150193,0.355993865716367,0.376673292987895,0.387829842695547,0.382742821138582,0.342661804759728,0.451002700939514,0.41744248044218,0.363911299568038,0.384741120432215,0.417554218554069,0.442735430781443,0.405878602214528,0.430325614219802,0.376978196583892,0.406652508839548,0.435420801618256,0.432331338854382,0.411793858916084,0.436953737219628,0.404211806003298,0.409904580441586,0.396378142375826,0.390941492432278,0.392435695246308,0.393251501721847,0.378526350427588,0.348137528499453,0.342994040964064,0.321923782812822,0.325661665213542,0.301017216673401,0.318710623775272,0.312262756754574,0.308704977329561,0.24175678550703,0.201434169273878,0.194939343276513,0.195338582413048,0.162290702232187,0.14251409455844,0.162393827698701,0.131097586215824,0.0959514750757227,NA,NA,NA,NA,NA,NA,NA,NA,NA,NA,NA,NA,NA,NA,NA,0.25407181167837,0.257766667109907,0.247818999113381,0.282012160442197,0.239487356519013,0.228235009864301,0.193672921751461,0.136851276018758,0.139638985909174,0.12154481992085,0.121404961435108,0.13657556169503,0.124408571735802,0.0622107043542388,0.0421822723600788,0.00803803905014952,0,0,0,0,0,0.00283111048461895,0,0,0,0.00210761852454281,0,0,0,0,0,0,0,0,0
372.209,0.690013589729386,0.781828907696211,0.79601252764835,0.71818979386784,0.687619140622916,0.620207838750653,0.559635425369993,0.643178870713151,0.550870193755361,0.530819731123719,0.514774735777988,0.453999683967248,0.504576358879385,0.42799429849925,0.474882366834273,0.473521183768606,0.467507634826894,0.446011413410771,0.477456423984647,0.482280722178193,0.49561290501245,0.467540232056759,0.472209585066574,0.469153367979549,0.496722511062157,0.48765983450813,0.473217642535644,0.443002116389563,0.455574788149442,0.425357852914862,0.472118376439024,0.439091823784916,0.477103587652767,0.426224608005493,0.406128069438476,0.430763657703267,0.367795638530635,0.343480551192903,0.33259938664079,0.342287631839471,0.325712452869438,0.314739904131995,0.307712307223753,0.21920174787852,0.254697923603484,0.228704866294457,0.220419129934785,0.202613285111019,0.18043070404208,0.168401719025012,0.152494200035991,0.155081465536137,0.123501814950745,NA,NA,NA,NA,NA,NA,NA,NA,NA,NA,NA,NA,NA,NA,NA,0.252975699797807,0.235049603777434,0.267423468897603,0.217610650103624,0.207820441257007,0.176081081213465,0.13110170347688,0.155776983829138,0.145168273140084,0.14076662053285,0.137393159630744,0.122049272839344,0.0721140239876656,0.0333088581602355,0.0406659707576003,0.0248357576366601,0,0.0121459591540071,0.0013294377093153,0.00500118213590063,0,0.00566929239270387,0.0106465325160815,0,0,0,0,0.0118373945274119,0,0,0.00596842425599229,0,0
374.501,0.709335363545954,0.733405090359294,0.785618366830404,0.86266354560001,0.697579924830431,0.616705611418473,0.699324831909994,0.699627911602199,0.631374950202124,0.530473941619311,0.466587791667377,0.515788985530347,0.4449782773092,0.471863627191879,0.516893084625029,0.490668238553224,0.487245972113258,0.40372214669877,0.539574294904667,0.516158798974263,0.510207874355763,0.504172772457279,0.475601563607863,0.523235666924718,0.480314513483935,0.507071705925303,0.474326044019462,0.459134218520678,0.482057391791597,0.463464549928196,0.476740740118749,0.460663553592824,0.466900130362769,0.402800954804192,0.413698801318046,0.434856013845157,0.406153956134792,0.390662109294962,0.371413539569545,0.347348491729738,0.337670301117784,0.330938306797135,0.321312004873299,0.319315011950828,0.251170814544031,0.252681180520437,0.243376367777964,0.227240370321424,0.198583610041696,0.195301794813811,0.170816390657105,0.140084967357847,0.137013458806616,0.149726618637925,NA,NA,NA,NA,NA,NA,NA,NA,NA,NA,NA,NA,NA,NA,NA,0.235997178055996,0.23950942641489,0.202008049237094,0.184948765294333,0.193186243629977,0.151483655588598,0.136468819957668,0.122364065909882,0.13815767920818,0.121887927865739,0.128040489518573,0.0852343727188032,0.0818484904529089,0.0571112394483876,0.0415089419654626,0.0252961437050582,0.0279720163732283,0.00381180093842867,0.0013981771746847,0.00979346444989871,0.0125965950268478,0.0188444337290608,0,0.0056118921113244,0.00283867079139845,0.00279849403486987,0.00411097603795591,0.0155668344706249,0,0.0143897417112852,0.0124289867057665,0
376.793,0.847113880497798,0.878207298400577,0.856547580684004,0.837469699638966,0.771522826575744,0.737713272916507,0.649141633330697,0.658799982356856,0.527973093492768,0.598498452519574,0.505006643390999,0.413233023573815,0.527946984878542,0.502065942735681,0.542891018049829,0.485683233230091,0.521924292662891,0.505217702094453,0.513726659024382,0.475947674153199,0.521690923683704,0.482753376895106,0.479050371373095,0.546894648287232,0.495019929565312,0.495256632228645,0.501517559655431,0.488820713013733,0.540756373260574,0.47936761364026,0.495855195852104,0.493886716793261,0.486083484961736,0.469467838654175,0.473175754333923,0.448206094865576,0.430534174610882,0.377247481590912,0.416842746762385,0.380901190560885,0.379230132530133,0.337331015431052,0.34113846975107,0.335628888634345,0.332581572516834,0.267239749170084,0.247789202142932,0.251468531897235,0.225434157544171,0.211393087917655,0.200184612058365,0.172695072174393,0.158412287337342,0.153979529901228,0.15613680846179,NA,NA,NA,NA,NA,NA,NA,NA,NA,NA,NA,NA,NA,NA,NA,0.202934829278986,0.18249432814034,0.17596776459191,0.176109457944878,0.149589340690247,0.156670092290243,0.11460861472229,0.142465509412576,0.118252163074035,0.0985561283172595,0.109203216676088,0.090932471541922,0.0746632135943392,0.0469786289334546,0.04126669337851,0.0305653447024086,0.0190003312981983,0.00204005940431252,0.0164033341765705,0,0.00547437262114867,0.00818513397742328,2.76615884357786e-05,0.0225745539218049,0,0,0,0,0.00257021809248135,0.00729992639070682,0.00950194534483908
379.087,0.91490174291687,0.80733420061685,0.818586894010458,0.816578765462404,0.76969674589943,0.846898115989489,0.607113277431041,0.638828583298935,0.559441244563423,0.507890826938355,0.560407140691175,0.456011670589945,0.496875865906792,0.430255882994502,0.502975775047448,0.499633550614179,0.452425876466378,0.515067579627906,0.476364385304357,0.518808299858316,0.53993012132611,0.508377321958857,0.490165573840591,0.535529671457312,0.51000216076266,0.508193104911203,0.510303886390673,0.499388078787198,0.515444036038222,0.520117348406547,0.506692376371459,0.502276610632195,0.485430475282584,0.473806885429742,0.477138412199979,0.45876109986232,0.438283413309041,0.441886191286678,0.395402660697087,0.391542403751231,0.410521860736857,0.357995015442221,0.361288556602441,0.349201709846969,0.340371984892912,0.335816568791007,0.255380147358318,0.261836355241345,0.225922662133066,0.20047494452981,0.199938578812761,0.16217721335251,0.165338833811327,0.141912698214762,0.138535961909088,0.125629283855515,NA,NA,NA,NA,NA,NA,NA,NA,NA,NA,NA,NA,NA,NA,NA,0.172534647490954,0.145381982452899,0.151675107744573,0.131826540991056,0.164468383628668,0.11892812492365,0.118566898178168,0.119354525023428,0.106581812052813,0.102404998824911,0.0885889363025178,0.0845400172386841,0.0627495291989162,0.0556136099434656,0.0297430011667417,0.00533433810260111,0.00669306765859173,0,0.0039664939204421,0.0059851303416155,0,0,0,0,0,0,0,0.00062634031639298,0,0
381.381,0.923444325814122,1.05653454768861,0.889118983846458,0.821115378411369,0.725902470415886,0.726105448521822,0.701458992422018,0.600503313480833,0.653880011996809,0.591131502770468,0.525453454799396,0.579967124180145,0.603180185579999,0.541247861541314,0.56167118910059,0.471613702306389,0.539663831008244,0.522731665628904,0.523600517510828,0.514161858849468,0.510940186448293,0.551638901265289,0.532734659474109,0.534128339807891,0.546665474119161,0.553612910227049,0.535400093780763,0.541910841767666,0.524004162139355,0.542671059269397,0.535778646227512,0.547338719684964,0.513238943387664,0.499111426071248,0.46121699094149,0.451456405612865,0.449754325592605,0.440821745722364,0.420354522108294,0.424477114773566,0.409573063929832,0.399032488393028,0.346785702410152,0.363973377650722,0.349111848931122,0.342283365862799,0.262517443541869,0.276645741631882,0.269185770989218,0.241825642902772,0.223450615818227,0.206254243958028,0.170125689593729,0.182046710987512,0.169167538274917,0.158568973404721,0.132376020864546,NA,NA,NA,NA,NA,NA,NA,NA,NA,NA,NA,NA,NA,NA,NA,0.196095037322377,0.134568993665241,0.13868345852453,0.147050160078711,0.104068375065758,0.145234584672182,0.103377365752621,0.121372200450376,0.105141627658891,0.0905299196401639,0.0871309482312406,0.0829265433422227,0.0608917552713247,0.0406227317963006,0.0241490074698939,0.0138596648856818,0.0203950781915622,0.00194219379099773,0.00591012495615202,0,0.00594887939105807,0.0092473171189525,0.00654020405582741,0,0,0.00187443641359854,0.00860317513072383,0.00584849068597914,0
383.676,0.946422775091067,0.912940078135397,1.10136508022614,1.03485789494194,0.867346590754857,0.877583634671261,0.74351402140451,0.753785865525814,0.683499959876119,0.704471825117194,0.591357627723955,0.625091046844838,0.534231327085725,0.516492765786257,0.567655487416756,0.552856205737528,0.538571576060285,0.540244241825661,0.561608042750946,0.577937894862847,0.532696927025201,0.572673842563938,0.564113265525146,0.588387360435336,0.593815341393066,0.596837379667682,0.559777066356892,0.575935525028094,0.567564767222562,0.563431624342419,0.588725288050938,0.558206142952976,0.550706411900471,0.540454544053329,0.520484788148528,0.490614210063725,0.486889456800004,0.454922578923082,0.467567636977878,0.43910105375414,0.419150882211072,0.412824739116171,0.427740236718046,0.348929784599668,0.370160643736129,0.352793502249345,0.342987591588121,0.292355903160501,0.28483567623586,0.273302744776017,0.247693313959662,0.2171701945221,0.219452419220421,0.19250892557942,0.177051645482952,0.167985745945678,0.147507741942505,0.138430327246905,NA,NA,NA,NA,NA,NA,NA,NA,NA,NA,NA,NA,NA,NA,NA,0.19759753079313,0.146119688135451,0.142942463407724,0.117652192823499,0.112580939963639,0.121342874639948,0.107246861708959,0.0892284003111956,0.102954877950109,0.0889474526859075,0.0811552268341077,0.0889421601127457,0.0611639373535455,0.0372244861978863,0.0431093443187555,0.018835291264359,0.0226483665356042,0.00964039251614765,0.00449157004453209,0.0182340893778488,0.0188728494367393,0.0109950423094462,0,0.00687839824106303,0.00247246712155416,0.00543325258159814,0.0138465605727636,0.0159584727308943
385.972,0.979926491269362,0.918374922540197,0.995464936544605,0.868681116674211,0.798954013018607,0.683794398561289,0.626329713752392,0.698585387235055,0.708676593124491,0.540368829791578,0.632557460521156,0.581415819579932,0.547029520446929,0.564023453120595,0.567440151538728,0.503927957674218,0.521348809782214,0.541354469565303,0.524169834249381,0.54136796038242,0.531254613708555,0.562029446609314,0.564396294023995,0.561672901448019,0.529677822377388,0.524278723816327,0.553129990502694,0.534276408783998,0.518661226189225,0.588612704716866,0.60175933664153,0.553437785491668,0.57832731462082,0.54934649820607,0.529524486084486,0.508637573857096,0.503295514685979,0.485993472401001,0.467623583606422,0.461114379513431,0.427981672691171,0.418230405480525,0.406216752198649,0.411802369944753,0.376656430375701,0.352276076983673,0.349844311365224,0.340450533317733,0.267519287110046,0.275479976160418,0.228843349796371,0.236410543451926,0.215196986204482,0.188915354360213,0.197798680746223,0.171528252584751,0.161955013939359,0.132328349871927,0.126247525614322,NA,NA,NA,NA,NA,NA,NA,NA,NA,NA,NA,NA,NA,NA,NA,0.230997932341446,0.137037241881433,0.100196872762016,0.121290572826455,0.106550448516042,0.100590768464703,0.0854103054854179,0.0930400414558191,0.0811174809551887,0.0810988680338372,0.0744575977350937,0.0710254613812799,0.0395495800425138,0.0388039402353006,0.0158091671796606,0.0252085436941198,0,0,0,0,0,0,0,0.00242211219333412,0,0.0050417029592552,0
388.268,1.07029906782091,0.952388122299508,0.78937299550765,0.816151123003493,0.836566852129011,0.774886453012055,0.713576260116716,0.643207873123493,0.527946382329672,0.599781434184521,0.60907341134811,0.539741342126748,0.629769971960065,0.538969413739015,0.553694477050286,0.525453289447148,0.532905486555141,0.563438828631334,0.551954240630253,0.523798312906806,0.553935125973344,0.512967351871516,0.564759156801501,0.568546620710667,0.536576928013588,0.574792640068556,0.602216752606054,0.553456129334758,0.579904486332914,0.57211647397948,0.552046052807615,0.564682262914259,0.547811456696426,0.548951770558754,0.541572090326341,0.522272471546877,0.50821252553895,0.51639179968221,0.475381402369827,0.478243585459957,0.469876774234049,0.421365557220143,0.405174813730131,0.41650388690721,0.392137069921314,0.377369110787018,0.33317314423773,0.350815205221366,0.344212312202753,0.294252268012002,0.262817801624951,0.248919174172072,0.220659948413988,0.184862798807718,0.202395206575682,0.171108697183185,0.155427762761046,0.162132538429615,0.11674784138536,0.111037187034282,0.0895990830953534,NA,NA,NA,NA,NA,NA,NA,NA,NA,NA,NA,NA,NA,NA,NA,0.126643328614535,0.103982434952467,0.0894867814206659,0.094401145255208,0.0855829510899639,0.0879660758539397,0.078403897024813,0.0791567476504078,0.0863635876136307,0.0645826179548797,0.0674937037455587,0.0558593952641291,0.0271629033613634,0.0178365373209867,0.0116484925102655,0,0,0,0,0,0,0,0,0,0
390.565,1.20798812868682,1.18946164568765,0.988591517400819,0.999532700562398,0.995974238485951,0.976605254927425,0.882472722078643,0.794483020521677,0.778301317276333,0.76445418987504,0.783190310179256,0.678419017089176,0.677644837429777,0.631913142414012,0.622031867460124,0.614156261562519,0.55781168242124,0.622265980111058,0.579415712891236,0.585041129885531,0.591242029437717,0.604627164295421,0.613858379927438,0.601732046686162,0.582011775637492,0.614613242168281,0.609213137891785,0.61225090726799,0.617749799231905,0.623677661153781,0.640973107594977,0.617989144601167,0.61053358209668,0.571507469115149,0.56616632691733,0.57932825868133,0.535949759192402,0.523085787846761,0.525427331529966,0.497129092286753,0.507025123614085,0.477150840019016,0.433698060874258,0.4465402961509,0.412594344801905,0.392822672725507,0.37911131918477,0.362226728458712,0.350887376629455,0.341754383523228,0.272914172126883,0.275334300936823,0.278032757283543,0.25315325078334,0.225808166423682,0.206131767042605,0.203920009440706,0.186496716767729,0.156283156240605,0.142092065026899,0.132647909361329,0.126647297732374,NA,NA,NA,NA,NA,NA,NA,NA,NA,NA,NA,NA,NA,NA,NA,0.14881826706167,0.121186163418378,0.110284587866498,0.134626528787752,0.102299924531406,0.0884822993747785,0.0848536818333156,0.0884343345781099,0.0995603703975641,0.0942572490610309,0.0985638442113686,0.0621770317090502,0.0553768107162338,0.0279354635306226,0.0309365944604765,0.0190895763595469,0.0173563940773934,0.00888788607789601,0.00760613014583578,0.0115504672524811,0.0330728681580128,0.0128237388495815,0.0100721990905835,0.0181117981938811
392.864,0.923658220914368,0.912624846334791,0.876474310702644,0.879693163361119,0.916298676461947,0.800547467619529,0.80849542768351,0.795623780389303,0.654911452762417,0.684567207571829,0.567147248211136,0.647436976094961,0.591945482118182,0.624575415668344,0.572279111312192,0.604798351274369,0.611842729706032,0.589145220149621,0.539917836234804,0.536432026206705,0.573697189321911,0.551311161081714,0.566750068548591,0.578030347287925,0.605355396526685,0.549602719215762,0.595249517459184,0.564709598817483,0.623354805589132,0.594991072084345,0.590818772467451,0.5908913376487,0.557483264855393,0.573570271844495,0.562325614767102,0.572680723816448,0.525326292046836,0.533199470478867,0.536304062023172,0.497220466198542,0.45760494210522,0.462933123921259,0.452605534420619,0.420285208964931,0.419674634496781,0.386405898791606,0.379810414773709,0.351530433501461,0.353639476504247,0.342645005436161,0.33691345006901,0.263929866097675,0.254717092744668,0.242389371453036,0.241349080685318,0.19813734997893,0.195360334453111,0.173488115550695,0.139603156338975,0.132384886993389,0.123775922579667,0.116076160120116,0.106285827119629,NA,NA,NA,NA,NA,NA,NA,NA,NA,NA,NA,NA,NA,NA,NA,0.112126582836928,0.0759008281277563,0.078989319243302,0.0745808309624437,0.0542203170655158,0.0731273146934323,0.0682366531490764,0.0750608036395668,0.0743557848874787,0.0764448046998604,0.0737716199211246,0.0214860954692866,0.0296618603733153,0.0145002312455908,0.00636359104769192,0.0111089084487964,0,0,0,0.0100433549683769,0,0,0
395.163,0.96122592773418,1.06436358617536,1.02918255172258,0.901330399550042,0.90266515369526,0.844225108359243,0.790017806489848,0.800615207536337,0.796497860486414,0.702236708800951,0.648991706558705,0.632464040667102,0.678158707157362,0.616434966122835,0.564732800406913,0.618693001360256,0.607461605772963,0.61594974768362,0.587468789222472,0.58691005413903,0.591089653954233,0.595421948869583,0.606939079561449,0.595615471530438,0.622277537050833,0.592670502058762,0.628981794500908,0.631301548433115,0.605278100527352,0.61140748268874,0.653819207952862,0.585721341612284,0.615495821482637,0.595394471778235,0.583112377983374,0.575881386820464,0.570532525318057,0.560105349785734,0.535364735591701,0.516341841248415,0.486835879577821,0.467303540155844,0.48181193326428,0.465849778010401,0.431630861286119,0.415401788800598,0.389318745581211,0.391622980029955,0.354015076543741,0.344136217381861,0.337716003955585,0.333092093111662,0.294542953683093,0.263090162212749,0.259680578483411,0.222885834253117,0.199040917252193,0.188911647052871,0.178373097424457,0.168431220935815,0.13809282020805,0.131212681969237,0.1122477482018,0.113613700175129,NA,NA,NA,NA,NA,NA,NA,NA,NA,NA,NA,NA,NA,NA,NA,0.138735924937232,0.0887139865297574,0.105009545481165,0.103554642826426,0.0610454523108423,0.0736142780751297,0.0798723127202301,0.0906445622984312,0.0735211095970286,0.0714953609191094,0.0580580349996433,0.0420773774596065,0.0244221264714069,0.0153937974099954,0.0125579387889452,0.0153522164248984,0,0.00995290167636713,0.00819203389491471,0.00693808428047414,0.00406170544816308,1.14020864395627e-06
397.462,1.09504287458874,0.953652615943584,0.905573504037953,0.838995390495021,0.847221129177632,0.960958843170934,0.854876314479091,0.76226778093835,0.764158201349057,0.638626268482153,0.650596081597843,0.613192060068922,0.608815129630141,0.583199677470938,0.574297773471926,0.583763713906548,0.607906419339525,0.538104534982637,0.578995587707356,0.528384312485976,0.579533232610999,0.566540827730669,0.573516271024824,0.607364307239187,0.615868113731095,0.570572249970065,0.603678945325007,0.577999192879523,0.601970863958011,0.592077952003919,0.576585462735342,0.600816747172152,0.596579130048515,0.59758212742453,0.544318608930414,0.575543461033391,0.548492455472828,0.55136001116989,0.509138763074763,0.483053248754181,0.505056933097125,0.482613997599958,0.48042653068798,0.447805320105391,0.42806595453467,0.426445682417824,0.386429753564205,0.38806458079788,0.353006249127263,0.340046141809054,0.338392686309356,0.329548278609257,0.322879065615232,0.265626292500807,0.238009235117904,0.239416993451602,0.213669911678574,0.193186730288536,0.185932615324211,0.15292501524296,0.146644515454092,0.136021204286992,0.108066136954173,0.122098607314683,0.0916357448174039,NA,NA,NA,NA,NA,NA,NA,NA,NA,NA,NA,NA,NA,NA,NA,0.153877304415578,0.0656468407322866,0.0728918805446397,0.0506016611937816,0.0719594012292967,0.0716773646953557,0.0610594079664513,0.0630204904706836,0.0632898778376931,0.0372039899585222,0.0453882051980294,0.0310796371006122,0.0015288502515473,0.00657190968796642,0.00214730752491282,0,0,0,0,0.00243593568504232,0
399.763,1.08058982040967,1.04354401062475,0.978639282674814,0.989188579822551,0.947946542388393,0.873866718012826,0.871949515449875,0.790360799572076,0.745183007681,0.702890566936683,0.738486004693549,0.606767105863321,0.623845388510675,0.641759022525237,0.58864788747726,0.600114429630641,0.541466153349978,0.617397695775931,0.600645326347788,0.595419557166461,0.58348537005113,0.57599992292539,0.57629622987799,0.603928023841083,0.582838166916403,0.606831420988914,0.611139727353394,0.582002464840249,0.610342333885239,0.595910629573292,0.621549634673497,0.586615351631684,0.574539967367991,0.597445296392721,0.587476029767085,0.570978177617612,0.567238971822628,0.526167936998922,0.520899015910077,0.517356948460081,0.518864162778903,0.493257421360724,0.496442448922515,0.462136591921098,0.442118554023458,0.445306931400279,0.413755513513943,0.413419173920684,0.367783881451007,0.357947897463626,0.354730219987809,0.330654209015555,0.322446895390309,0.315816247431596,0.258541950136869,0.231303596099488,0.232706561765168,0.193447948175469,0.19470299882377,0.188770262846079,0.154217239262608,0.140729476862486,0.140474145152555,0.122440264644907,0.101525020185247,0.100476508086761,NA,NA,NA,NA,NA,NA,NA,NA,NA,NA,NA,NA,NA,NA,NA,0.15128792117373,0.0748187978158955,0.0740026176327156,0.0676463607980562,0.0911385669343342,0.0572976857063494,0.0616791121291211,0.0561086391099287,0.0416051528438947,0.0542093075321501,0.0368408510511573,0.0370176409500019,0.0142336913907247,0.0110352902441834,0.00205171033567823,0,0.0105882762770772,0.00444435323521651,0,0.00953371894866573
402.064,1.14370920134083,1.12215265192072,1.06583258577034,1.10849927511547,0.968578946800514,0.954764097360618,0.83878075986612,0.867508320069673,0.822229867927633,0.780249205449817,0.741380560269519,0.684204628064509,0.628757478280152,0.669901553462334,0.604516546696204,0.580673037583628,0.610528601976591,0.589883618584781,0.570967558064471,0.603162146797907,0.617380234486127,0.592901302445035,0.605178840243465,0.580546653182248,0.596082684833455,0.601879156026085,0.595379286125873,0.612322120281695,0.620209022741505,0.609595552708097,0.603330487152889,0.616789441283046,0.603993159421938,0.595193948020749,0.585284711250015,0.56674309234008,0.572026804810275,0.577197028093948,0.537395921800745,0.547227354702836,0.532149609688849,0.49497286752755,0.492573746467033,0.474735774872094,0.471109658423773,0.454855717532333,0.429069584741446,0.422509481246587,0.401434035126815,0.390460545635216,0.363263526146587,0.319012656891626,0.330853536642255,0.320757162138987,0.286493520259623,0.238851686158398,0.234309240333296,0.229552182128136,0.197937105634245,0.192000879706637,0.176378531676769,0.157095484975459,0.138879708823438,0.143109038043566,0.120841169394266,0.109895437239879,0.107205107882019,0.10819658761816,NA,NA,NA,NA,NA,NA,NA,NA,NA,NA,NA,NA,NA,NA,NA,0.0726030938991324,0.053633255430327,0.0721638984832209,0.0745465237904804,0.0773061643313774,0.0607299719629354,0.0463939385606983,0.0431378881265963,0.0500051046633114,0.0402406935993833,0.0287519971278415,0.0223700722029557,0.0112734286844593,0.0116145338347573,0.0139865226754858,0.0082987407376976,0.0120933130026576,0.00942618010459264
404.366,1.04115489263379,1.05872613967678,0.991495635971362,0.930103753932784,0.972445702266237,0.907837968565595,0.847693067942694,0.821451406416181,0.818895849362932,0.706727672879858,0.678475187950564,0.672820190297229,0.638045486799049,0.666570740664041,0.64762575956953,0.633087044510893,0.586744340120598,0.593349886651983,0.606779681976583,0.577986300498132,0.59321446170795,0.61829120106565,0.613050917935139,0.585232480490768,0.585334587126642,0.611928576289972,0.633141878353491,0.595042520433516,0.61544754202015,0.632417925393225,0.626396499317964,0.597313016616503,0.6144691254937,0.606128437773639,0.605440268944134,0.604974261285614,0.577194337892951,0.584715202438861,0.556592412593779,0.54477172782421,0.516343536893704,0.518384406230677,0.520574823472516,0.493795181437992,0.480898423689527,0.463523023609702,0.446170967818473,0.430176003446636,0.422212050152212,0.391310846768946,0.377291276737268,0.369173869829142,0.331316608215103,0.329782949934947,0.317623457970359,0.277824983809531,0.256339432650372,0.2319304464334,0.216215225561729,0.19965973097095,0.183705019623882,0.168423214231539,0.159672430006451,0.140015906185523,0.128306090351841,0.112090693798917,0.0972686864122354,0.0868955770454637,0.0948487544084806,NA,NA,NA,NA,NA,NA,NA,NA,NA,NA,NA,NA,NA,NA,NA,0.0745392291511428,0.0531790605674165,0.0588665793601882,0.0681963218472318,0.0678804894626458,0.0459117953245485,0.0236166061545866,0.0298110793029414,0.046089177891253,0.0274524736493755,0.0205744563885142,0.0162387912473116,0.00948079072509548,0.00543403893455547,0,0,0
406.669,1.18291055171241,1.01040401993418,1.04831189993118,1.0778308664581,0.995948806841748,0.947890768942705,0.901256325913376,0.868110948099229,0.75111687095386,0.724832629675694,0.736857163453952,0.709191840717518,0.652870322869716,0.650145264998641,0.63883022995863,0.637497688993608,0.65993170259348,0.618077308859358,0.609267059011339,0.641255262439254,0.600363587834791,0.641021612615164,0.60177303297709,0.629049078504936,0.625501688452192,0.627926800756246,0.624897382152223,0.60489745446226,0.633804545957947,0.619475162804189,0.64967594516694,0.648531114529875,0.65609089042283,0.623380776707861,0.631646325848586,0.60300196405364,0.596585211976204,0.570077297591386,0.575362752624253,0.574699259869491,0.55038421272284,0.545971194708246,0.513506489481698,0.501055613743378,0.485907207597419,0.486778619895292,0.470891986994812,0.452228424696838,0.432324793070683,0.422509869107737,0.3904167546205,0.358037981949364,0.362184898736795,0.339483079358833,0.328256907150351,0.317266480530109,0.285823539606109,0.250621909758985,0.23145171057343,0.209789364554914,0.215865527738518,0.182014772390246,0.166022606863403,0.143930521234723,0.134021052185196,0.114741299877921,0.117607776012193,0.10987032935822,0.100621479487948,0.0908170790080203,NA,NA,NA,NA,NA,NA,NA,NA,NA,NA,NA,NA,NA,NA,NA,0.0799253629623632,0.0651491923945431,0.0628517270681465,0.0635952674357306,0.0643195324968102,0.0345927034595525,0.0406876619783572,0.0321601690072543,0.0229776059715607,0.0320773755730271,0.0250908867742847,0.0182447959083087,0.0190480968878451,0.00282342047129326,0.0072580558172251,0.0151071482237862
408.973,1.22687622534082,1.10540457470516,1.12713913082214,1.0990244432806,1.10600508365897,0.976626135542879,1.01439788986568,0.87675498286346,0.864627979431177,0.817418327323329,0.827862500367851,0.755909517132977,0.706974523024406,0.661016870958885,0.704969452083961,0.637957569866289,0.645343618126789,0.625726000713127,0.651966104115969,0.667671197471049,0.638095350563058,0.648254355405779,0.648983785193343,0.663637419768439,0.634793630694288,0.616449015670412,0.680593988138778,0.625520773135508,0.633079881857507,0.671821661917302,0.666289760361908,0.651019947032673,0.636844465258135,0.658299883860837,0.621666875600212,0.604515829148361,0.621092821045068,0.575448468171394,0.59239551036574,0.583635864654312,0.563936783633451,0.541557049021686,0.55366844526803,0.52045430872579,0.522727821656224,0.49488410418708,0.478491749644196,0.473854388739807,0.436489858540323,0.424049205369851,0.417044154058585,0.394723376000732,0.373230399637016,0.344570680799854,0.324154714832526,0.327376322016089,0.315654669991071,0.270723666534872,0.252368694834138,0.244103523557109,0.218148001380389,0.208554446303372,0.186944140489061,0.174318416784343,0.151207786199622,0.162924324847709,0.134141987384584,0.116313293110991,0.117287826858813,0.100554012679029,0.0943213891107631,NA,NA,NA,NA,NA,NA,NA,NA,NA,NA,NA,NA,NA,NA,NA,0.0848024378798581,0.065194903311959,0.078575664012683,0.0585352165787271,0.0493413128289548,0.0437670273151905,0.0379622635065901,0.0370124803802865,0.0417605354074248,0.034731246565315,0.0395605921410725,0.0251013108149084,0.0240633087907342,0.00805132968814094,0.00912108535601979
411.277,1.2443698926042,1.22967393108106,0.975697538303878,1.05615570892222,0.949272019748741,0.996560850928234,0.931672677015751,0.92094241582439,0.843146238353643,0.86035155629045,0.794934953483457,0.745678625361494,0.702851219282232,0.704778127293059,0.668412801332509,0.605966212081236,0.65684860437201,0.659143888433232,0.623554124892722,0.612741409188362,0.652478887938117,0.610485059814863,0.612337364870771,0.621108774156539,0.650355807862779,0.646987332899752,0.671618878679913,0.648515658339687,0.627255075250897,0.651821782640413,0.630713506631432,0.671202175590525,0.64561398116914,0.644911741346986,0.632009096746512,0.635802338843601,0.618491148142702,0.594595491744134,0.591600868663452,0.565755932998042,0.572404322899548,0.556769186400512,0.552454001905997,0.534442462528002,0.522270419646577,0.501798619309985,0.479205491408368,0.455262255324392,0.451984785858969,0.42876810813745,0.417241665136493,0.39172599468628,0.386974746043869,0.356316754610533,0.345484983084623,0.335889068284209,0.323743456285973,0.31336094678675,0.277260145368886,0.235157828602309,0.233524595825415,0.213775947144337,0.188525983567214,0.173568407535731,0.167713973229041,0.148709559759748,0.131548005244701,0.11243527583344,0.124295699828214,0.0969273220113217,0.0913901079508066,0.0901295067139835,NA,NA,NA,NA,NA,NA,NA,NA,NA,NA,NA,NA,NA,NA,NA,0.115386358201617,0.0557023088067412,0.0559315258187074,0.0459515521920946,0.0468932896875359,0.0312814108229967,0.0248145261252875,0.0142794205876746,0.0267442158248642,0.052734170931565,0.0397952913295416,0.0226720223716977,0.0330952102778372,0.0211646305496775
413.582,1.35829191674106,1.1584617822683,1.23109397190466,1.22156535502213,1.22003428986998,1.06357638344699,0.965894685378918,0.929251347881752,0.988419322346459,0.931639529420152,0.828744119881427,0.803214861949928,0.783468265399311,0.706233869081595,0.724552527200624,0.685414710809177,0.687472206184467,0.661441830773372,0.655492903470683,0.655998726406116,0.646880238526259,0.64828192601091,0.654679471039462,0.653337578271903,0.626850159932637,0.658359077564737,0.672251975851552,0.670086634981846,0.665675849959943,0.66127097685556,0.654239037734379,0.654007753957402,0.641834901095894,0.67837445796263,0.624179660054931,0.622561998686754,0.617336171853428,0.62103370688564,0.617617452165909,0.606640071024165,0.579890397913977,0.590542320060962,0.564403244609741,0.542462302784877,0.560110957021535,0.514021374652263,0.500401206106147,0.497742622616711,0.495762506008847,0.470447153903912,0.451730101768325,0.426176601500909,0.406248979788886,0.372384306176232,0.364252586558719,0.355892739597018,0.33120640794481,0.320262254198427,0.309360034552297,0.274898113041975,0.263242271832596,0.227417288765897,0.200990332937076,0.194082285429108,0.17898950567753,0.162860040615563,0.144382628240165,0.144875962302913,0.131131630116591,0.134453174440635,0.121196566455581,0.102204802674588,0.0990201970058414,NA,NA,NA,NA,NA,NA,NA,NA,NA,NA,NA,NA,NA,NA,NA,0.174738746352037,0.0676526038496081,0.0528812372533863,0.0528170946800154,0.0570788851480487,0.0324963177236779,0.0376684440546402,0.0419309800042357,0.0674061683961587,0.053930568502865,0.0449697026107585,0.0375487384416843,0.026983779304387
415.888,1.11319838761183,1.22055532627375,1.19227987482081,1.12130439379037,0.896281111384096,1.01215209381731,0.983097531746203,0.979821489334739,0.882336728916712,0.805720970297087,0.807849568853889,0.744119653887103,0.787966399082368,0.738334662787104,0.691238795308317,0.671606794203197,0.64700165349651,0.643775438902467,0.657333113451264,0.641542139298254,0.642025017396508,0.622540524658911,0.618463467196033,0.642557668853154,0.655794415338654,0.644951484744031,0.646469851196715,0.659173803786399,0.634694861320626,0.651981882638272,0.66352828975959,0.644038814439209,0.632123116528307,0.625117211708707,0.621514964224206,0.629093839347941,0.603419041587268,0.602216026573444,0.587524013291906,0.597427563095889,0.560822097294601,0.563785419526317,0.554143306538752,0.543793930826375,0.534761825699282,0.524923869461024,0.509784859599515,0.47897028762756,0.463344057850203,0.446646631383507,0.440351806111353,0.422205686956294,0.404587203855941,0.374690116819237,0.383441529533883,0.345108374513734,0.329974148040171,0.323912805342418,0.310692653540757,0.298453729064878,0.258685154003329,0.221749474006142,0.20950414807007,0.190581434537228,0.182387797602861,0.16294294467997,0.156668534650589,0.131640330837422,0.129124909323978,0.101507546704352,0.102280078922147,0.0917341467357471,0.0879779376279227,0.072269473076446,NA,NA,NA,NA,NA,NA,NA,NA,NA,NA,NA,NA,NA,NA,NA,0.152936350926808,0.0500557803232137,0.0544198844137135,0.0342784924056447,0.031947214823781,0.0225841038692296,0.0512947570448127,0.0513760712633415,0.0549619109108203,0.0510035959053479,0.0395400669943963,0.0194242593040158
418.195,1.36291365977552,1.37317270286688,1.32649179024475,1.19206101393166,1.15799899808968,1.14036651182724,1.02093544456121,1.05559033158413,0.937806971900808,0.933477260364369,0.913534603751437,0.843861883169206,0.813870715505386,0.775768777359654,0.746086996902859,0.701967732703864,0.76013792554797,0.659778979104681,0.718878963053959,0.677058062676809,0.687026014321396,0.658910763714488,0.635242658070759,0.656051428427041,0.671646392183345,0.689131652306033,0.656781670612985,0.663837674039461,0.678237693563641,0.658974068270542,0.681529042317433,0.673906053244443,0.677217805058898,0.690181469239954,0.649891401910971,0.645339554491313,0.627748693724739,0.606965903865169,0.600412779275528,0.603643006498767,0.605975604423394,0.575659670149619,0.572576896758228,0.561312150843138,0.556795056358347,0.543140092034175,0.542153562895149,0.505070574804426,0.508390981618206,0.472401940803389,0.456718947378792,0.443637759380338,0.429667351594359,0.421771955464323,0.395692359904239,0.381046445388411,0.348656228271053,0.338580945914025,0.31113315733078,0.299454058212957,0.28869600735702,0.267255595459398,0.246603563929816,0.222746548111509,0.208787595161121,0.190373814064094,0.167613394672256,0.164368547998043,0.154008375720358,0.134814465830884,0.12586768268572,0.116896139079567,0.111211950027313,0.103074438348055,0.0932439135501289,0.0913809491402996,NA,NA,NA,NA,NA,NA,NA,NA,NA,NA,NA,NA,NA,NA,NA,0.0719332563916952,0.0523194798976387,0.0490770856441263,0.0506229078748432,0.0517568372168505,0.0895502484593675,0.0716915131773818,0.0638697045723467,0.0726937666314112,0.0525866704793346
420.503,1.30364583756481,1.14634894802813,1.15359503815952,1.05735688071668,1.03787015351989,0.968099030395737,0.964180064631551,0.972092315166039,0.903395020357269,0.874836184236224,0.827660866299036,0.825487756273842,0.751699481102233,0.692664087253334,0.74872270161895,0.706900411995254,0.685251954236131,0.660931598716962,0.641731844952892,0.637928218729747,0.641402889557223,0.670870327664992,0.651031321452623,0.647953325918515,0.660608932654683,0.636279897420998,0.65567785829987,0.660815393429765,0.637271236822399,0.637380148798592,0.654823610311233,0.640671870586727,0.640314703046163,0.652330922931004,0.625016344589783,0.608594815247846,0.61708064634373,0.603299854074275,0.603759724740322,0.584294218146855,0.573034123132042,0.571791295418576,0.549262449069976,0.546198902877873,0.530111108293969,0.525440019830538,0.532953186701183,0.493512855636588,0.484069849050211,0.483812893284803,0.468317177550118,0.416685990638201,0.41405764390572,0.394733695373802,0.383486644884542,0.364250702631799,0.329946034154805,0.313744709441939,0.317712604260097,0.30194968973858,0.290595896836005,0.265574628015914,0.237871985060172,0.230715665654704,0.210058813369563,0.189006505691674,0.173100315874166,0.154268744550912,0.159384026476022,0.143743970215639,0.122930534048465,0.108681880140271,0.0926514119978219,0.0840713039361475,0.0874514937383757,0.0816651505735508,0.0686293495920609,NA,NA,NA,NA,NA,NA,NA,NA,NA,NA,NA,NA,NA,NA,NA,0.0529063345526278,0.0436187922030676,0.0297803920616443,0.0417816266340097,0.0741506253833227,0.0714929480505231,0.0510750007269865,0.0624095293694289,0.0517966526058652
422.811,1.21860407934607,1.21977199342599,1.19854118865447,1.19926346442429,1.11962221422405,1.10877246663276,0.99791723485784,0.95496867368478,0.97444553341315,0.874206986303836,0.898084204277473,0.781519071920747,0.754429545005998,0.75800491752991,0.754818655457328,0.695642309797376,0.71224931233619,0.680805579592679,0.683802767312081,0.667484708406449,0.656662331398188,0.646971899825728,0.643475545116741,0.644731306812188,0.638787663544376,0.628912839096458,0.649690664326497,0.652452411860597,0.623973097287179,0.643854267952058,0.650917052610502,0.659649618470784,0.64662524526361,0.646305986021021,0.63222580433117,0.643716503260188,0.615668820873398,0.63130631869046,0.59687118008909,0.601965539725275,0.578052057051324,0.572758222367787,0.567992970036405,0.569607989026548,0.56080526757146,0.546839853588858,0.525952503003351,0.505027349914992,0.494120258152667,0.471549206035605,0.464452627009349,0.450125063583393,0.428389955426032,0.404462200950914,0.385649515856241,0.366186031412182,0.352297021488228,0.348304768436445,0.31784288610034,0.302947793908419,0.292798687713744,0.280516646561348,0.258164638988289,0.241962945109457,0.222566032619295,0.195883401688195,0.192105107531224,0.186860647679039,0.156229173835734,0.149999010237805,0.144865521669604,0.125153400790431,0.115944714688405,0.109546486967378,0.0892334053683485,0.0813295641719502,0.0762950884360544,0.0770303715524034,NA,NA,NA,NA,NA,NA,NA,NA,NA,NA,NA,NA,NA,NA,NA,0.050116335453834,0.0331890482565492,0.0481994112537932,0.0747050152989668,0.0813640970446763,0.0834864455146588,0.0646597632492145,0.0542963685221146
425.12,1.3242253790697,1.29117286062046,1.17465867282759,1.17984811658979,1.15287154182794,0.991764575594954,1.04005266669756,1.02438422253413,1.00072488066452,0.899544253162971,0.911052472274198,0.81144240443298,0.81197574996117,0.810833142427589,0.748846825059768,0.699962489252106,0.696118011000815,0.660813935575906,0.678911373450816,0.684648790018152,0.639962881035216,0.649399471401417,0.648899695640697,0.600117195310818,0.638380957950596,0.64104858113134,0.637028766467384,0.670672012408262,0.654410420870945,0.662949296955151,0.667919604761662,0.654162361326905,0.660603888141778,0.651255063856788,0.664839687307511,0.629369495930228,0.624516287100287,0.641184071477066,0.62276370220838,0.602748617573463,0.594582023633244,0.588680121930725,0.567510737405134,0.544791060398942,0.529433990681655,0.53310302307996,0.546546265697733,0.508350092290849,0.520017759771984,0.48138569043388,0.483324284368863,0.442638537730031,0.440001688682665,0.411223844556711,0.408533706802897,0.384274453647651,0.351309438561068,0.358708676148298,0.335853866293506,0.322625249269679,0.279516370636271,0.283918036810173,0.272700271202696,0.245404651401595,0.219502171200989,0.217499396120594,0.200254657939411,0.186282419726914,0.177699703203314,0.162257348796871,0.148594290003008,0.144458487973278,0.120693456054844,0.110714746061683,0.111518243608138,0.105630730048395,0.0774357497409083,0.0877291434871156,0.0787460909564828,NA,NA,NA,NA,NA,NA,NA,NA,NA,NA,NA,NA,NA,NA,NA,0.0645765769356761,0.0475450646686764,0.0617554249015371,0.0986105898187816,0.0857236577424031,0.0726908128511713,0.0610674332108352
427.43,1.31903078114172,1.23537490501106,1.15012865337159,1.14247912354259,1.14788509754522,1.02873671012153,1.09488250952143,1.10451541486644,0.960011272755461,0.941626004195807,0.868988945815571,0.888208785847769,0.817339283620614,0.757589640220903,0.698109015144601,0.704915622707887,0.684655409032096,0.694904847114705,0.675615438824145,0.670426734698013,0.651958254115534,0.651767481739216,0.632436299665538,0.647787080741308,0.626689550298485,0.641951960952819,0.646038885945021,0.637171236376973,0.628921725911558,0.64484925594085,0.653370447043708,0.642649347638308,0.631804970599629,0.63403865303423,0.617704549425338,0.612129546363912,0.605729958698935,0.605523663796461,0.607478454707367,0.59502597093036,0.593846662888711,0.57536993647918,0.557678392901596,0.541318525159542,0.547571282333296,0.531574343628679,0.519898692535404,0.504230841691934,0.501540249283882,0.482795769669545,0.463633136475785,0.448686292531888,0.432632533454311,0.438534583643846,0.399344319096783,0.384230990283235,0.377702570470299,0.351133256479715,0.342129409708324,0.307154617727636,0.312434252763728,0.288330906961545,0.277207749452852,0.26474030549665,0.246176164078323,0.223388144723983,0.213696221867827,0.191398395330958,0.185506888188822,0.154875384758166,0.15002962632339,0.140279821008665,0.129340550446566,0.124783653681009,0.107273528493417,0.0918483004426746,0.0833277010566802,0.0831181359698348,0.0698273242551662,0.0690302465514833,NA,NA,NA,NA,NA,NA,NA,NA,NA,NA,NA,NA,NA,NA,NA,0.10166716794855,0.0591386362461185,0.0833971938992112,0.0865837566069321,0.0868491564302447,0.061278672008
429.74,1.35581331956354,1.24712995623961,1.25835392372918,1.21219875867599,1.17699371066934,1.13813288558492,1.10248851385175,1.05543597393151,0.947246994954631,0.930980900712165,0.893616890608278,0.881747389465275,0.831720594765877,0.838784619477008,0.806964120600288,0.732184965854124,0.699525033555573,0.705440787256342,0.674180915484031,0.707395103764758,0.672839792480563,0.66930505210992,0.635279993533395,0.627569072216116,0.646362354226187,0.624867617601903,0.64802452599289,0.646234050006599,0.650507086531748,0.641091713303972,0.644659070736503,0.648703318147821,0.657894918940911,0.635152704294923,0.633296051427755,0.624738038539653,0.605420771578354,0.601498711771068,0.611132246963763,0.584982688349341,0.605427825965411,0.592237254859779,0.57669377491869,0.575161271822895,0.567320710021637,0.544540470066154,0.540353019698602,0.534097623567157,0.511167280109931,0.503708354406834,0.474096851281064,0.470689906517234,0.446556850705007,0.439089005351508,0.413608140153647,0.401522639063723,0.38643175592934,0.36572332076791,0.35877028215383,0.333970537561621,0.306912930089499,0.2998895382729,0.282505134070354,0.268476147549766,0.253613468582073,0.2194172560095,0.226956189755452,0.208593078878225,0.191826141869521,0.191545452324686,0.1747898392321,0.154765466614301,0.137909965668219,0.132369817677632,0.126607987972903,0.107930231084689,0.0950340823807408,0.0907187501802774,0.106126760713824,0.083233355340246,0.0691044145533593,NA,NA,NA,NA,NA,NA,NA,NA,NA,NA,NA,NA,NA,NA,NA,0.138151730688658,0.0823051583432697,0.0804431318185404,0.0880655128686853,0.0764850063628216
432.051,1.23801551646159,1.16204400195738,1.16368569041653,1.21378433113814,1.13407975072762,1.10414929114462,1.07065696721282,1.05992161988834,0.953986808479426,0.905004765379905,0.934759488210536,0.829725450971089,0.750751569054832,0.809741786249722,0.720522500561071,0.774450685518526,0.699725746092491,0.685815049597796,0.676431354971537,0.648202133113352,0.62668798614913,0.625516886324225,0.632004335069392,0.639996819772001,0.6374082718059,0.617022148643723,0.631110908722538,0.616717599632256,0.627779381300963,0.625224336495526,0.620961725878114,0.622685561133963,0.621345849818747,0.641835066942284,0.604978928941087,0.616453262016471,0.582506467172269,0.598809758718148,0.586064622428499,0.578490609282566,0.585826027956821,0.577749842247051,0.572428268748484,0.564113091549114,0.560744395007901,0.542415847712236,0.526558275816795,0.512922337577316,0.49675216640368,0.485730258270786,0.455874233913926,0.458088397257508,0.444568939406613,0.428524473271521,0.412667117336695,0.394823975763709,0.389352072376376,0.3660941961045,0.371066144202994,0.33863820803255,0.315029831406345,0.311800154854116,0.285409073802107,0.274576494984898,0.258898681568356,0.24448642817471,0.204656518907137,0.20432645157064,0.197325440283308,0.179879078721148,0.151534318886861,0.145630199360856,0.1313779110435,0.125876120639661,0.119071514785489,0.0873611779644231,0.0907154277453585,0.0879513588491097,0.0815013204854449,0.0675971044015913,0.0607512059536576,0.0604253962569329,0.0664412380249169,NA,NA,NA,NA,NA,NA,NA,NA,NA,NA,NA,NA,NA,NA,NA,0.0646576812572683,0.0749427100041201,0.0651344047787582
434.363,1.35592636576316,1.39583024383814,1.13806005685053,1.27094764353223,1.18230943362353,1.14264469130187,1.11801763137077,1.08319972907163,1.03740908567475,1.01544393492602,0.942616365287953,0.940076428535547,0.905173075522737,0.833518578204461,0.804664633668267,0.742192504661162,0.743273786147884,0.716691571543106,0.701818001455893,0.692205815490106,0.68859906773515,0.63922823663181,0.666330751283902,0.668109837504462,0.669936209766415,0.638521131202863,0.639973983567622,0.651979964793141,0.636862587652064,0.652464959829985,0.650929516141847,0.658568567257804,0.65443290772873,0.630652445713525,0.634325056945616,0.62386622219779,0.597494720022046,0.587433644029424,0.61598484575398,0.598861946375359,0.587864149010933,0.603435382190681,0.568384208963721,0.561544478272943,0.559659820709574,0.54372563492006,0.539099368922149,0.558376771605843,0.533176554104143,0.501803310974424,0.486185222851292,0.464559065394788,0.462379035225053,0.45182811509668,0.431477764056971,0.427295528328922,0.413770537387766,0.388778403071778,0.374685405193784,0.371611179530464,0.351814087555118,0.317147017267552,0.30655118114764,0.302064516484707,0.267420509392544,0.252980690079446,0.241276385298284,0.221173095409401,0.212038351693379,0.212174102323363,0.189529911661808,0.178984868165981,0.157380065822907,0.152974759563938,0.130455038714835,0.117169883383141,0.117350949498856,0.0968058905165593,0.105588861353079,0.0915007439252847,0.086190464557169,0.0779885961723769,0.0661999085353488,0.0663026494298007,NA,NA,NA,NA,NA,NA,NA,NA,NA,NA,NA,NA,NA,NA,NA,0.0809361985470761,0.0782494718959096
436.676,1.30728015186984,1.34342478529589,1.28471944984417,1.20557680549408,1.19566079166901,1.20424834070785,1.12619113763575,1.04084231808898,0.946923232250626,0.946004873797082,0.901625790359529,0.911603571953878,0.836767028975261,0.82076793105299,0.789693220592084,0.783104123464644,0.754938218686463,0.712490615282533,0.674088008999981,0.681031635674678,0.657347429704061,0.666585075650986,0.631017640370409,0.651047989973569,0.643978253360454,0.626369699935808,0.648790276709721,0.634466989770877,0.635209157747629,0.640443100993608,0.637039079913689,0.644863504026169,0.616680240070635,0.613132651115183,0.593042130466768,0.627401363067129,0.620936049293198,0.604978929804658,0.606865443633102,0.599040774322668,0.579722219362447,0.575766621467689,0.580214133248076,0.560218678884947,0.557764932486024,0.553175155026496,0.531283259475015,0.522810561969576,0.516289987961408,0.503818139187706,0.470137057730896,0.460886664209047,0.46729518160423,0.459925428112683,0.429377832865316,0.420259288186172,0.389665092594514,0.393723243768302,0.387432802180957,0.365329196936863,0.338377534798013,0.329800260890103,0.309347020703354,0.291076170698236,0.276053100637863,0.261252038114783,0.249568148989997,0.23920561100114,0.237670846744993,0.198664558368744,0.190372138727995,0.189476522461884,0.165600877409731,0.167328658159399,0.137852471303932,0.121660408146126,0.122457760713792,0.116007512399429,0.101168379310546,0.0968299608828274,0.0793947454995368,0.074485558026345,0.0730744072556739,0.0757035494039582,0.0639490262695507,NA,NA,NA,NA,NA,NA,NA,NA,NA,NA,NA,NA,NA,NA,NA,0.0767009282776972
438.99,1.4201387360227,1.3985425919248,1.20919869700409,1.24874009514393,1.11893851149287,1.17055113752739,1.10930908624907,1.02075350674733,1.03725879653692,0.975384829633474,0.919864059263828,0.960186095487203,0.887622650429574,0.826377773705269,0.787627306240291,0.78866644437476,0.742735104815816,0.734270134050069,0.717695748704917,0.667835167198476,0.679341907257746,0.652746284770959,0.641393134141964,0.648657331349077,0.638306626830991,0.646697997774249,0.617495424066639,0.623393854942092,0.603404821668024,0.638465969558851,0.60256485993153,0.60249294703201,0.604600249380914,0.634206119761722,0.610149545450131,0.610981511686198,0.600197628225278,0.605196332436135,0.593206485093348,0.58476150821868,0.584839172757487,0.58564948799706,0.551765585194371,0.568159551405007,0.560891049491724,0.542283451864504,0.530229063400967,0.516778977267822,0.514434916107912,0.51697988772833,0.472182635866095,0.46742883218982,0.462611991737044,0.440538739693386,0.442671044605735,0.431977031763661,0.413655506490697,0.394396051977,0.375562404156131,0.351352060028505,0.34800759772594,0.323179582083692,0.315141314284248,0.301653670606517,0.303769139521328,0.271874782449635,0.254829894327043,0.243717748996748,0.226146124902989,0.207514711240094,0.208422264833,0.186298949726104,0.176642583891647,0.171787127307337,0.136975123126244,0.127044809385703,0.135287214083133,0.105194513658451,0.111245096431087,0.10782367183162,0.0943792819637005,0.0894961026816152,0.074067894518335,0.0576458045286382,0.0679147586534179,0.0671013359532025,NA,NA,NA,NA,NA,NA,NA,NA,NA,NA,NA,NA,NA,NA,NA
441.304,1.33510840566843,1.29463938186975,1.19733235564746,1.18610150272841,1.18528476693922,1.13082336904486,1.09607283838802,1.03738050401998,0.991975332048526,0.954215424454517,0.929392618378257,0.898746302075467,0.854458966600809,0.776869981587549,0.791129885649753,0.731204622904127,0.725731128086243,0.689737593058676,0.704426288401337,0.668220416336925,0.637676525862873,0.659505918694833,0.622601494005046,0.638275161530432,0.622761369074244,0.617119791818099,0.625270394894831,0.601767893783002,0.618238652995704,0.597334705913709,0.622983568731148,0.603009576059692,0.616917624021299,0.627388788873302,0.610221874447762,0.600227799082414,0.598917576053182,0.575238460842271,0.584167418522129,0.600502762045009,0.552161840919509,0.559166398711282,0.553597652680669,0.557888322927263,0.550721218384515,0.545280594445395,0.536970905557548,0.518999655896462,0.510737687719927,0.500258846646183,0.494361584172798,0.459314028852704,0.448327081849712,0.440633762475916,0.447116311462758,0.436574472427563,0.394551309320691,0.390510682892944,0.390158850353554,0.378250663402598,0.338763854154094,0.337564527490661,0.320609319735714,0.30506512032502,0.283567511035654,0.261928876882353,0.270361554878528,0.244592282415287,0.23253990200498,0.224142412831446,0.209256419643275,0.174532276944053,0.185889107729004,0.165111545139741,0.139168304086793,0.149687270844952,0.126684031729286,0.123102090466045,0.101155957886562,0.102091607971725,0.0904401197932075,0.0792064754964319,0.072388805265241,0.0675831457975745,0.0711994021895307,0.0520649858241151,0.0494386460480691,NA,NA,NA,NA,NA,NA,NA,NA,NA,NA,NA,NA,NA,NA
443.619,1.30276518310897,1.17852859615475,1.2673648890144,1.14156549182964,1.01373200886315,1.16640873903244,0.998663904857456,0.966495898093399,0.964298139511046,0.929964786804719,0.911640595657857,0.915962750032813,0.846305802267055,0.789159814165989,0.782161197011879,0.751298383787001,0.6922722560371,0.691978515301477,0.680781188181607,0.691846774451595,0.630303914049446,0.596685739848185,0.634502351379163,0.59761394827619,0.611893795780443,0.610916796617475,0.616759293539538,0.585837821104111,0.59549223657919,0.570592236015002,0.586000956950087,0.599398633101388,0.598704192127903,0.581898387473081,0.599696826293689,0.597519329591212,0.578425428802218,0.56922907996964,0.56097444385919,0.565695391145095,0.557478384100062,0.548902100150736,0.5472762159029,0.538899226769535,0.536148903431441,0.534526895816432,0.523588679198731,0.505458014588179,0.499131678841033,0.487923244610857,0.472829716317765,0.458452438533354,0.450671049418633,0.448744317557558,0.422899711294571,0.416723209235023,0.409347953409704,0.382587883356516,0.382642498561401,0.364204681317735,0.348637004014439,0.331940926991764,0.31696920607371,0.305645125054652,0.278991343175353,0.275715352664836,0.285514436490687,0.236994152457855,0.23088388979524,0.218791414243138,0.204411518761254,0.18036175951378,0.175805060901807,0.163186740421646,0.154474619032122,0.144408117159099,0.131384615541201,0.121705540375201,0.1073356753191,0.105025588638282,0.110639017844774,0.0851690998471027,0.0908653583807484,0.066786507591659,0.0677845360627954,0.0628502109210304,0.0584210247340657,0.0629622084530478,NA,NA,NA,NA,NA,NA,NA,NA,NA,NA,NA,NA,NA
445.934,1.18188796165855,1.13686953280349,1.1557186851696,1.13427080838232,1.08259747513236,1.07709073819858,1.00833362182348,1.03612784561352,0.949461020148451,0.932884683317719,0.867254073664949,0.860263560119998,0.872372838900146,0.808853440301564,0.725197641733685,0.731763243355814,0.697931745166744,0.669204159291265,0.65202303359253,0.639275975725466,0.600232202683691,0.645317702092567,0.637877502174451,0.612780702157453,0.578967312024594,0.572280393339812,0.59622829758989,0.608358821530231,0.60027510328625,0.583263050955409,0.578852972392435,0.580153003572424,0.577984894836905,0.570075069731922,0.570016643177797,0.568996475528544,0.564245166264047,0.571775719373643,0.554375370989399,0.531910147316478,0.546956932580382,0.545959378222863,0.531028714274503,0.524804974441986,0.531852974662782,0.494948997618959,0.515345244116357,0.520981501368728,0.48763971114213,0.472170980995275,0.47518944924044,0.457849057119884,0.44276512195209,0.457738124465966,0.418634501226373,0.422530216733175,0.398302119432914,0.390915394405803,0.363066655783763,0.3723171871705,0.347285707897856,0.325872143536547,0.319446236421582,0.305999734854534,0.285830970935884,0.268772827790954,0.252786531572197,0.241316453130342,0.237051935313299,0.218816628106138,0.206066038690221,0.188431592036186,0.159471459543482,0.152325708042421,0.160455215208504,0.145584586906416,0.129688564511494,0.125737475908185,0.104803432303447,0.109694111399807,0.0800326185961852,0.08190097813673,0.0750897693360928,0.0742742282757896,0.0679966204613926,0.0642699506823862,0.0517732171682058,0.0577120046937595,0.0511161344906371,NA,NA,NA,NA,NA,NA,NA,NA,NA,NA,NA,NA
448.251,1.18424490386098,1.1526407092281,1.16848235325076,1.13210210781225,1.02496221437279,0.98821616540842,1.07200285671289,1.0098147786658,0.965632576101759,0.924789150335832,0.920426305706932,0.804083500988087,0.837566333364371,0.747232562526453,0.765265781473496,0.696969932268236,0.680896528094827,0.684752830743349,0.660991362508872,0.640724668546969,0.643602321078219,0.613462014080236,0.595058501519162,0.582446026772324,0.613727234484397,0.589019349105359,0.565402742798807,0.559601769665196,0.580019900286391,0.575272745754226,0.57471339604549,0.560430455465805,0.587136372678871,0.573587714001743,0.567517643019466,0.546982942114722,0.55993727754952,0.551087469482122,0.546846768266273,0.555652491389575,0.534647022951381,0.535719718583067,0.534184716259827,0.528294400251003,0.51116574246522,0.514176529020021,0.498662719646059,0.499488214102808,0.47362881742658,0.467084174986209,0.470056366673979,0.453795660753048,0.447880729320405,0.413047339632948,0.408681230905345,0.400939822716197,0.391964442294166,0.378246330136778,0.382194491226154,0.365898858317197,0.345058116535426,0.33694281130652,0.31671381703318,0.310035511802681,0.303791020127529,0.281322370506861,0.271403521327633,0.24596284715793,0.228568616466414,0.22140512257458,0.209090476861866,0.195297477422499,0.183476593009073,0.167765731471789,0.157452594890268,0.14520396450821,0.132571142070381,0.132321471817683,0.116804292659289,0.112902307211731,0.0972829677125297,0.0818671798876099,0.0912168698070147,0.0706634961889742,0.0692036103026229,0.0666083486783108,0.0597245697710112,0.0498476746438428,0.0629999879753188,0.0452181790950841,0.0393546267546323,NA,NA,NA,NA,NA,NA,NA,NA,NA,NA
450.568,1.13480672497792,1.16066324207147,1.15398653832851,1.11858015646766,1.1055308694236,0.991338138319385,1.0457292514999,0.993939434733913,0.904717805359933,0.895732867702098,0.876408054385584,0.834479297499893,0.77171633581669,0.773562121403154,0.726796499239458,0.702982893110588,0.65230984754956,0.65009173932497,0.660708995379082,0.593878846781338,0.610895041378368,0.609275401657335,0.575764492866653,0.570680941890919,0.552046237776787,0.540284743990282,0.570420263315111,0.563032448943734,0.575108723230431,0.578080588742052,0.55220789243685,0.564265301785215,0.559162836099607,0.562143656608753,0.543516735396582,0.560977888543892,0.538494674726566,0.54954004530351,0.532777676202134,0.545759107293276,0.521218665393454,0.521089920380811,0.513768885019141,0.521832174815788,0.497731413329896,0.503445908022182,0.501769567585206,0.512936997676763,0.477248667325723,0.450553352198307,0.457422692460446,0.442199540765185,0.424906562748358,0.430675201181996,0.413197727629315,0.408110093509032,0.396261218324382,0.394612172510678,0.372965518685478,0.367892783707765,0.344726518165183,0.330653112065999,0.314978894513397,0.317486259927451,0.287753433543548,0.275530057992104,0.263934695703966,0.246714613706685,0.241356186959029,0.226875637379704,0.212401393572941,0.199210685446769,0.186396425753582,0.17997807293542,0.161212320618035,0.148126998361112,0.139716957330505,0.126997043065374,0.129390030194609,0.112291308963297,0.10518757543543,0.0972170014001631,0.0871128933670513,0.0778842169791713,0.0739680380138212,0.0596580771262092,0.0662382734780075,0.0601764636083498,0.0524567877222717,0.0666686439083207,0.0435051344125331,0.04305272146066,NA,NA,NA,NA,NA,NA,NA,NA,NA
452.886,1.30510512252301,1.16834717232369,1.09627012455346,1.18256569721135,1.05682091770661,1.09266101475761,1.09003694213849,1.02640199341226,1.04153488715256,0.929496956265235,0.936007628242737,0.875815973208373,0.834128000335391,0.796900018600602,0.729319200397302,0.753738869763555,0.731234534779519,0.680386334603796,0.693393085815616,0.646302277198529,0.613856811800728,0.641651702862252,0.609078624709221,0.587421503564306,0.586641480611734,0.601412150072681,0.59000995440168,0.573102949948487,0.574206364271959,0.577088406643696,0.576283616329429,0.54791838957845,0.559845995790383,0.562750818566443,0.556140907708841,0.550628227335969,0.559160910807022,0.534215168055241,0.545691986728034,0.532608953195129,0.526940425108481,0.515707544583639,0.534539014684897,0.51060029381735,0.52048174503112,0.483351111052481,0.505700806809924,0.488668827873175,0.467610083632818,0.490534016582156,0.464947254905905,0.464105799541061,0.4389456444023,0.441278598549845,0.427692770741361,0.415160312053268,0.393777229414379,0.395063836443255,0.382110319488765,0.365275806517542,0.35037135893513,0.353472625444697,0.335047671581794,0.3329792853829,0.296259715584082,0.281591882010413,0.276696239709785,0.261216841634786,0.27408680665519,0.243037455636829,0.23671326980287,0.201814891095697,0.189994553678007,0.179430654123718,0.183499516605004,0.17561196448491,0.156027076927839,0.13875824115479,0.123106038282759,0.121198044662052,0.114842456443873,0.11041935006204,0.111619593367377,0.0914867686258154,0.0913956423084963,0.0735402874718878,0.0799022353873402,0.0748359092283847,0.0572783614176309,0.0700716659883837,0.0569276229508271,0.0451344174241962,0.0375768784233232,NA,NA,NA,NA,NA,NA,NA,NA
455.204,1.12208417606766,1.02008723452364,1.04026382493014,1.05396597414593,0.937876010053275,0.98132426840533,0.898985529739389,0.934971105017371,0.904502289011612,0.852381678148672,0.814584270444844,0.843202181026532,0.758380634959218,0.725793122460561,0.707757950622879,0.67882806633628,0.646905983489306,0.618959485721241,0.607136959691133,0.63610175758326,0.573740106615359,0.571899044302154,0.573297598443645,0.546086137021219,0.556106738765475,0.554741042133536,0.547336433197349,0.549178134480042,0.520864306336129,0.547787296953866,0.522102153888728,0.535665950809039,0.542376581984186,0.540338234677071,0.526701045091574,0.513954751838474,0.50264175599919,0.501697905434944,0.495636615355288,0.503339558141759,0.494603137631083,0.478727167352952,0.50872713144949,0.49204869994615,0.484013539389027,0.482331681257604,0.467000334822994,0.466626808852226,0.453457628121946,0.458527942932832,0.444567227282012,0.433821501651643,0.406765432794905,0.391587707116526,0.399442360587265,0.391888965357679,0.378972470967597,0.367647138723343,0.353025889687032,0.347168202230574,0.331898286861598,0.320995582569257,0.318288960968501,0.292558969490043,0.284249562647327,0.276969746029806,0.262993347064139,0.250479809018451,0.254674061981354,0.229380594287867,0.201194685244981,0.195016127087491,0.192252397637296,0.182523316925254,0.176266137036707,0.151520457166939,0.141921295290163,0.141922594675547,0.123898888315068,0.0917703549333493,0.113252586816995,0.101313206121715,0.0898172513564679,0.0814323882517453,0.0773589148373712,0.0661177776452974,0.0655288686019263,0.0518920419740092,0.0536918750763684,0.0514042813211176,0.0420138395544033,0.042407879233197,0.0300097079075002,0.0280210214675207,NA,NA,NA,NA,NA,NA,NA
457.524,1.17149988704463,1.06073215586114,1.02558907145724,1.05185351103805,0.992143735670295,0.937240755852725,0.986249349127841,0.952723843473705,0.940491989586923,0.871642402669102,0.911582152205167,0.857808164947247,0.813795332911821,0.80044710669912,0.699985299416233,0.688356226037597,0.673984963610219,0.664907195852053,0.622153417213102,0.62855213678236,0.592716842382874,0.570064794990012,0.57287125772654,0.605237798644844,0.558448735288132,0.541421041693916,0.552079222171505,0.541662345831702,0.550512205606569,0.530403956786452,0.539103176878403,0.546062785204087,0.545304547862373,0.523561673292387,0.512527065132024,0.514510056129258,0.539264293149169,0.500533298040666,0.492890563470799,0.506890670024187,0.510888395189332,0.513940289057344,0.495423471037011,0.489662557782385,0.489100386097486,0.478215188540672,0.475832160344948,0.476647639263907,0.460151364500774,0.451706539385208,0.450822330977592,0.43925113758908,0.431854967823275,0.406816586163534,0.408365879813704,0.39390597305094,0.383979469258596,0.378584669062695,0.364512384225877,0.356636137620984,0.33733662804621,0.336618356448751,0.323853231614445,0.313696116015158,0.289747501035743,0.286869669154712,0.276482551574443,0.259055337249807,0.253600745844708,0.221811700202569,0.216176778935527,0.212558739164182,0.185639288900179,0.185202480628525,0.176325510902615,0.158388352800663,0.179093082092355,0.146222218627706,0.136852554258536,0.1450753916627,0.130597605865778,0.113114054123801,0.108358966873361,0.0966685033143595,0.0816394096929825,0.0833261524039494,0.0766794924866252,0.0734255740576934,0.0658128970740537,0.0566835304262587,0.0549759185098742,0.0517264465683896,0.0480181213579223,0.0371285544737956,0.0356964696774579,NA,NA,NA,NA,NA,NA
459.844,1.02781005166881,1.12679117013483,1.20557628820383,1.04756781778944,1.03053167032178,1.02753826223294,0.957253479625738,0.971084402717413,0.903458107552684,0.918270702324437,0.898560717519603,0.76186048899372,0.822134313732601,0.775027143743402,0.726621034100482,0.698283267310165,0.64331153276534,0.646886743722493,0.634594463376395,0.635309566087056,0.597379710317113,0.54670923736445,0.555080230666386,0.545821444698446,0.56129790971173,0.542643191736277,0.540262302882327,0.530209259853715,0.53983568920751,0.526896525428357,0.536115959526051,0.503558861872433,0.516549188342523,0.524604632957663,0.524331673332656,0.485804906978529,0.511559502080365,0.522627308138095,0.515247352202719,0.511333460236055,0.48807265877973,0.490777561393834,0.484463675623866,0.478051999742858,0.482340075790033,0.477216180798842,0.448036088030259,0.459173092012126,0.453315194596957,0.439128953747375,0.440773616557112,0.433070016188869,0.410478410333518,0.402905021938634,0.408126694176025,0.389236992123126,0.388430973810475,0.381458252510555,0.366234939839308,0.357583431630586,0.354645423536532,0.336842875836203,0.329246706991207,0.303578163318478,0.30772593852307,0.289627698639165,0.278076282708075,0.249519172183806,0.251928068549979,0.22966888917127,0.224308214729464,0.218990753142077,0.212711050724482,0.18170562173041,0.180870479687942,0.17249140602199,0.170641508405475,0.153050974247296,0.150225670142545,0.128421461796493,0.127295317444977,0.122945005661042,0.112477515678859,0.0985378949922175,0.0976464631384496,0.0984088901582337,0.0865380582711905,0.0834019909116785,0.0826265715015161,0.0634606294733518,0.0649872944752465,0.0609350006517032,0.0427699113393958,0.0396714426657146,0.0485980277580704,0.0373065296333445,NA,NA,NA,NA,NA
462.164,1.14826919430872,1.13789581631905,1.16482964747212,1.02058089287855,1.07686496780164,0.994583230324081,0.99518549532649,0.971025791397856,0.964476475296635,0.849293530520204,0.872385421096607,0.848221139165255,0.826014106077928,0.801206725778795,0.740210804476572,0.752124260405696,0.675193477836832,0.633234631245499,0.638280501928713,0.621124251729316,0.567805910957743,0.593273334584122,0.579927018713119,0.55926117591104,0.543216943093431,0.549522261189228,0.546791299034983,0.516207678743729,0.539405552850785,0.548831195085008,0.517403031130467,0.522810542857177,0.525852604908521,0.505243121560528,0.518598587069715,0.512085488069692,0.515650806186887,0.493366799152357,0.496847982399802,0.49240136187624,0.498000928963839,0.487053514776604,0.478131399363432,0.471812126238682,0.475691847276197,0.454390392146641,0.467887957500296,0.442239841710952,0.444057500342285,0.445287408282469,0.428322078830563,0.43343639642435,0.424901340800815,0.409208544394712,0.401764408988993,0.391539160469239,0.40056775865585,0.377669915671355,0.375324361512156,0.375834096663199,0.355580832003251,0.335490932388799,0.34123126680743,0.309504925252034,0.311552584541432,0.301644030781382,0.301734105042361,0.274146788319929,0.254190219328161,0.254861142632437,0.244564034301506,0.225746004956987,0.217812505932436,0.216604812652812,0.195858853374475,0.17749885693232,0.169739381321623,0.1670967934537,0.15557432767988,0.14354455243378,0.134490965963873,0.127650560408881,0.1205654078742,0.10808975648519,0.0930076998533516,0.0958746574554952,0.0931475024951341,0.0872650372628725,0.0816894361470378,0.080968727777105,0.0649752418805231,0.0661941417967378,0.0577257295232675,0.0518163801763631,0.0602046380322514,0.0484217342970994,0.0395758399337302,0.0383472877964423,NA,NA,NA
464.486,1.04391112464238,1.18825590655126,1.03799164094854,1.05682468511602,1.01681299480493,0.99213631961749,0.941735437423119,0.95953923722497,0.871755741763954,0.878475352981995,0.813537251310338,0.814580488143406,0.729549414481669,0.767005814080641,0.700809643098648,0.690790268699927,0.683003452175702,0.6220532750852,0.606184136677941,0.589851516188609,0.585305810084185,0.559593004810778,0.566786266084206,0.531854646329424,0.545846044670724,0.515391023033991,0.518178051716738,0.529443348039584,0.510295683788567,0.515941073965168,0.51246316571451,0.514868037740415,0.509352898097586,0.474487408093698,0.487607486318533,0.482285404098427,0.479066784967117,0.469264924601167,0.47232486473687,0.480039610289142,0.458342020423824,0.457966439246342,0.470078226854717,0.463384399086655,0.452383634052278,0.439084984244955,0.435418978681218,0.452563066681882,0.438581869544256,0.43284827122423,0.422204851006848,0.420810876123091,0.402629488592977,0.403288781840933,0.396346028124457,0.392268249767597,0.36998688879841,0.362275036465325,0.352584950895112,0.345316235145312,0.356715904020982,0.336374250457314,0.319817371773637,0.308652171474438,0.294005556609352,0.297517769723614,0.277363702940815,0.263443068018322,0.272526523533996,0.255915163024873,0.234588205762286,0.227235207590178,0.209342434437559,0.20446658695915,0.179762888818495,0.180712392522632,0.172336654283183,0.163757347361212,0.1501933988728,0.151234506187065,0.144827726378816,0.125901587707683,0.10894620449054,0.109108453715052,0.0936951547630843,0.0942096659704476,0.0876446690819787,0.0804666761130097,0.0745717994671453,0.0687282814221379,0.0718155775151615,0.0560619870019276,0.0519956610655576,0.0493326306806068,0.0431050298772018,0.0440283424304943,0.0448880398014985,0.045122163882751,0.0378439376330634,NA,NA
466.808,1.08312602758542,1.08129907808521,1.01966795992146,0.956257004589535,0.948485589087298,0.929462890720026,0.873371695102225,0.90110651715412,0.841919521633903,0.802224499156591,0.810076300641529,0.793635573150207,0.766394591602658,0.71622108227797,0.718052942377107,0.669385203767803,0.646383199241402,0.643396795226228,0.598281125998064,0.573300997912601,0.569462196312647,0.583431684293545,0.540044229689432,0.524488910125116,0.525052145410302,0.523330932564143,0.537019607517496,0.501245909679549,0.497922270733176,0.508584561730438,0.487884574683053,0.47784227624317,0.478262361213058,0.490661661755217,0.484098363409405,0.481490520059489,0.490221286832232,0.472888971886895,0.465414687758206,0.462234892865354,0.473923287331453,0.448778411395843,0.456512317326836,0.45441578436719,0.442232233487891,0.466421519702845,0.433422614278508,0.417462604900198,0.409564727056452,0.422314057980627,0.412990260913496,0.410001746112708,0.3896254547642,0.387874254007838,0.384985964947511,0.365699761840117,0.380965760932425,0.348385911085991,0.362989329307919,0.339977395795941,0.34641817147241,0.325443293816613,0.321635333174655,0.306495923872062,0.298160895335921,0.307073959456368,0.282980268090979,0.268841707813233,0.261671164715093,0.249424661781628,0.231288854002531,0.21901398355711,0.21390110687517,0.204578346293651,0.193321347261948,0.189151688355216,0.172906779349786,0.163370679021295,0.153133154760621,0.131301191614204,0.138438548403357,0.132899577004002,0.114902055167876,0.112720084757368,0.11299371610802,0.107924276321133,0.0967250592511663,0.0908188421149503,0.0849030579330709,0.0775153803638648,0.0766281416257243,0.0661042273355431,0.064054376267469,0.0516315163454086,0.0548157991735172,0.0432921889447422,0.0410681639888244,0.0395110849463008,0.0276622824931218,0.036777835937919,NA
469.131,1.11041629412276,1.09705844922865,1.09975279917818,1.01896668502349,0.97920391080192,0.931098438533296,0.971180217966799,0.851806184177991,0.840339764808425,0.884963209309449,0.829697457797213,0.828894275730251,0.758624286898849,0.688129043939688,0.69163910243798,0.664929857016308,0.646463836374209,0.597427989707101,0.611178713101248,0.595099650318278,0.582094798721036,0.546235051291134,0.540028091055103,0.526570196398912,0.507367337088639,0.525679421877246,0.497021263192183,0.490047975354395,0.488126011419954,0.483730475134192,0.459583264815959,0.478478117596466,0.507639893399487,0.479284507518954,0.474551216375043,0.449234702137468,0.461195844137562,0.450353001478043,0.46003662341842,0.450302044712459,0.432811445698348,0.445886660341916,0.437906748040814,0.450139752170307,0.446949242230105,0.436306244429954,0.438396592162212,0.423372152862417,0.41459126941701,0.415922757464137,0.401060568565892,0.39418089461032,0.389111175699024,0.382997651021815,0.376600770852105,0.36737100101703,0.368617135114874,0.35382471114058,0.355900360652596,0.35720543950734,0.337844578274196,0.318628885356163,0.322971858493962,0.31285656720591,0.297678890696784,0.28471469234643,0.288877688465439,0.26489758369244,0.255190212404539,0.236498891799731,0.252245595796881,0.232324451017355,0.230513986285012,0.2127466896731,0.202091403247677,0.175227065629348,0.174001089992148,0.162880689607293,0.152589110041671,0.143146172439951,0.134049937294983,0.135800589686793,0.12465077622104,0.118759627443088,0.117925800497456,0.118821187746946,0.0993716386895632,0.0900494506256166,0.0896353842507046,0.0799517831566617,0.0798499334816088,0.0724729412657249,0.0604081520855857,0.0574308011554872,0.0551048964469721,0.0505484869913456,0.0534861615407098,0.043994474735989,0.0415530106184257,0.0406080921349725,0.0339633010228368
471.454,1.15272074600619,1.07820145037903,0.994003589357628,0.978070388799556,0.941743045828387,0.985010894534996,0.911260214744564,0.931409700788006,0.8644588969306,0.868706817219868,0.796473412525562,0.752376843176688,0.761094549561287,0.668696834524702,0.691015838487958,0.65734172377408,0.630628852460531,0.614894803842926,0.599904704678243,0.6118407122813,0.574525641396422,0.535202098122744,0.53084516706857,0.51405568451453,0.532885483737295,0.487673488335474,0.496084958777046,0.485897211624353,0.479168628186261,0.470736720747415,0.472747564811681,0.465382051876854,0.473753032354157,0.458916013375391,0.452332899440336,0.471535154007994,0.43021557726076,0.466798971307946,0.448274691116882,0.428557324685328,0.426284005953266,0.421750276857148,0.428136325513077,0.42943240546832,0.421053937599338,0.411589689515794,0.417143917787429,0.415716238038407,0.416343687226558,0.412428947978206,0.397234650797839,0.391966835855043,0.378211636034121,0.387594923429123,0.358278073095219,0.366094631802979,0.35462196088148,0.355402941709868,0.339104700368736,0.348794324442867,0.328298023261594,0.324864330492534,0.310996764328251,0.308180623046309,0.291478324565273,0.270717790968208,0.273538186953067,0.26453173960344,0.247674245812601,0.247468943496576,0.247585079469336,0.226394100420937,0.227225773141048,0.203300398551514,0.202078007726189,0.17948772434794,0.186207329401413,0.162061921791033,0.153792136549998,0.145104887334098,0.141638397470331,0.122708051183499,0.125768873825386,0.123937461580463,0.122436392546798,0.11278486140106,0.109364545241648,0.0904028753059542,0.0950285222930281,0.0818823160914718,0.0802684390122484,0.0725787484134275,0.070979690830967,0.060658802054614,0.0594793877407391,0.0563915412848691,0.0513863928693577,0.0408479848793548,0.0449872612114328,0.0363024086574762,0.032227627484888
473.779,1.08538893522915,1.03962946694178,0.943559423935901,0.918156017979532,0.925317041570079,0.934554563363029,0.964955963969629,0.836621566118179,0.801592773366022,0.814451379990443,0.751946887415449,0.758315787151772,0.732693902786507,0.66834821026189,0.711587405572736,0.640126108854972,0.630644074360244,0.604867391493708,0.589419970386245,0.57010879719676,0.547717054966358,0.534785545380854,0.535572048119775,0.500000128250382,0.477624458702134,0.49523119727848,0.468182664726686,0.468887674233874,0.477225214286262,0.471300083744669,0.483737019996344,0.474948536700468,0.458946407948913,0.436260810310295,0.445671978019491,0.439039548079545,0.440762252598325,0.423981555335194,0.423258470689425,0.430918538144155,0.414480757687294,0.428653888980429,0.411187140019641,0.423262570223341,0.409584971464259,0.399898240938652,0.405077974897098,0.392862222963021,0.388415330954887,0.399395755332892,0.379946552322487,0.37958503799451,0.369082794095882,0.380385948884926,0.366198189876802,0.358628818677479,0.366124771860057,0.342022604742525,0.343669147745069,0.324279567803094,0.332947753431165,0.305931142588274,0.316994907170637,0.308620147310818,0.283077126746985,0.287697319106598,0.26153601038923,0.269889509187396,0.248612113101788,0.239457913273805,0.23028795316075,0.21436182173005,0.219953192061637,0.207278969771681,0.201656706579792,0.195446563798792,0.175800036643579,0.169925845801148,0.144186366855258,0.148675486502937,0.141579934307493,0.141711963849666,0.133387489908882,0.127938450100273,0.106521297044896,0.108361800113083,0.10068385901529,0.0982987706220084,0.0786408185723482,0.0794375251410502,0.0865973996285661,0.0720025212772274,0.0862158702583879,0.0621482632650994,0.0655652930938508,0.0597614590821999,0.0506486576102598,0.0471523859450874,0.048245688062804,0.038781500470827,0.0433167570319212
476.103,0.996088292553173,0.963060641791063,0.959374547267247,0.996264264568418,0.889367698814125,0.892435152920944,0.910978348068539,0.934229486665247,0.880120324316747,0.824029312204242,0.754228347734196,0.749544232977136,0.769625268719745,0.701481746425245,0.688110943943221,0.649825391005582,0.648209761488962,0.608961226599401,0.589590647971971,0.593731325498675,0.531254200287754,0.519189988287964,0.520551444790778,0.493418632710104,0.515392323349179,0.484953258725989,0.469952181778584,0.491281487651227,0.472667068863294,0.465616092751106,0.458902394739145,0.451727886199848,0.453031728808106,0.440878941119603,0.440491692639125,0.442367295918114,0.433785444359677,0.445498911620332,0.413247092095533,0.437911850036129,0.442508733681642,0.399274400006168,0.424897495304106,0.396355531012833,0.409534781007413,0.408870554381386,0.405057619658312,0.395615573411527,0.389573163733313,0.39375599951666,0.377966649303865,0.376030062825639,0.377742891602475,0.356428388555844,0.365075743827046,0.353560200512601,0.33785343462084,0.355535158663563,0.335459457894139,0.324021457944851,0.316812238257595,0.309766627086692,0.317638138418753,0.301596116154674,0.295094278168567,0.284348900129632,0.269281160459265,0.257442397571209,0.25285984084617,0.255316166396676,0.247369213332593,0.231668979752374,0.229937811570552,0.215515464894286,0.20191604193783,0.185873093928802,0.183969221266526,0.162386644806878,0.172429191555502,0.157764989845928,0.14581158092118,0.139530405215037,0.134229397439348,0.134864846011298,0.115398566482225,0.116401141764913,0.102054074084147,0.104905805823042,0.0948591853493084,0.0951781449424398,0.089757166490157,0.0775856024291356,0.0825082162213435,0.0661812545179898,0.0630802752308793,0.0569470188085421,0.0597114140280335,0.0608693143970989,0.0559648554925494,0.0481808481394834,0.0400515750672634
478.429,0.962989775604719,0.919156306857882,0.937898423825827,0.87906933123774,0.956028946303423,0.897806567469081,0.822253396406688,0.905575881470216,0.77307912513901,0.778312447552058,0.7567445851491,0.733335371243295,0.750699631363165,0.685232765155075,0.650352062579181,0.656187595200464,0.614116895555345,0.58019558292572,0.564386634014217,0.587053304955448,0.538264577903392,0.515626070229464,0.501535620782307,0.502727417680762,0.468757240312293,0.465010904181697,0.486526570940702,0.459164245624072,0.451127148130112,0.449285315931875,0.450384096957584,0.455233099998616,0.423738448859295,0.437696917812243,0.42664500840897,0.408936908401821,0.394074997988168,0.399930403960335,0.41155374266019,0.412443203398415,0.404682696305241,0.407115879382697,0.406344934060723,0.401215873996326,0.392083646099488,0.395129109056269,0.390245317772293,0.382187785935935,0.376668878779031,0.373375174020508,0.371513970962585,0.364176548314127,0.360806573431795,0.367312704362026,0.352568501479526,0.342327739363627,0.341134712764131,0.346990437338616,0.333350696632864,0.322853405267862,0.317257219068863,0.309126202683094,0.295527196114206,0.291893028081895,0.28141668630294,0.274329262748618,0.274725261830782,0.257773134559257,0.261180117066581,0.231306381940677,0.234623117708155,0.235052110037522,0.211008415004987,0.20854966524787,0.188454455906118,0.18402723634026,0.188976524743382,0.173751477370693,0.160051264212039,0.162708069163893,0.144398470264332,0.142720542932684,0.136518216218237,0.137917818141373,0.118420513080853,0.119557530784554,0.106103170580326,0.10158678185127,0.0977161852977447,0.0901332797776168,0.0892380428133742,0.0673190150968354,0.0820695534492799,0.0666471502045774,0.068112037588519,0.0571301642299692,0.0488987493784056,0.0515990498220342,0.0437497973896443,0.0537636390953013,0.0393488872373786
480.755,1.00019803873789,1.01060948488291,1.03162497427046,0.915932947132188,0.869030408717927,0.852964556335999,0.864923531498997,0.775845017406391,0.83174899253161,0.780240194757062,0.761989890285559,0.713866166176969,0.732141131670518,0.722990049532574,0.670272783376236,0.611304879602416,0.645017868591329,0.610876673926621,0.579914427612632,0.583414669487639,0.506479391707986,0.504002307893178,0.486049772063578,0.509619638241062,0.479504561312204,0.463581697808385,0.472214727574091,0.447194791172466,0.464249621607662,0.455527949553495,0.442659485989893,0.429067127937407,0.430705663929455,0.424470784179926,0.4322182750256,0.42225863593093,0.413575892366522,0.407543407634428,0.415161023006773,0.40667840118241,0.399476127209523,0.393038332389333,0.393772595890068,0.375999509150228,0.381963390392237,0.390392947201831,0.372746990790074,0.382317650368152,0.38154636393444,0.381769622546245,0.371271920071757,0.365078612537613,0.34542920053924,0.343793113793446,0.346979859588184,0.340561112605158,0.348728398471325,0.330401939577427,0.334317505521925,0.321100498669203,0.318261698321897,0.308148678011169,0.304087280854006,0.302499062955496,0.296081753789401,0.289083258237268,0.26576738027778,0.257750535969726,0.240398699683509,0.240166497002195,0.239377918003641,0.223794393096547,0.225514151343006,0.206000105235516,0.201793025403422,0.192165782517682,0.191827093211361,0.19053087156703,0.16904915551838,0.155098782388669,0.143266361835576,0.143607142649401,0.1379224288853,0.131706468803453,0.124648630189965,0.129752655836278,0.118797232676609,0.108635148447142,0.100572340305092,0.0997674583770174,0.0898156322045374,0.0769792590477875,0.0796748505885325,0.0816955288884488,0.0713678292479588,0.0640838771872915,0.0531949404076066,0.0601608860402403,0.0528111059259618,0.0506318090400566,0.0522777098965066
483.082,1.0701571016472,1.05882864612174,0.945144463486211,0.80519159095917,0.97180745153906,0.943716639562242,0.852394245511288,0.806854331688109,0.769852522790451,0.816181863715446,0.806937640505029,0.7744348610421,0.70906838689905,0.716069179741098,0.67016427686568,0.615793643743351,0.618204425683198,0.589994850806501,0.546660342576397,0.553905282252898,0.543741388930981,0.520806560780993,0.488915912204087,0.506000635157926,0.489646396954297,0.464201657013555,0.469602360039302,0.447097695188341,0.43515495664089,0.447233886182586,0.440876840507472,0.431823193375354,0.426233478461825,0.423318079833868,0.413634205369955,0.421113057283568,0.417104963621486,0.398197667216204,0.39565485129044,0.388242855217849,0.3950022666706,0.40810258425362,0.391617683942745,0.385544526615144,0.379019256714643,0.368486273348446,0.377518387339579,0.381866606135163,0.375186192345717,0.378197016330548,0.360623579173002,0.366983408654078,0.346911543423665,0.344509312529424,0.347688323439367,0.339342857214744,0.330417898755007,0.322956388537322,0.322945616312661,0.316355429540183,0.310370283112709,0.305764105116352,0.298521299331792,0.291732947030139,0.280090139448324,0.271400476843591,0.272585250506222,0.260975563367257,0.260691446027865,0.249833485571881,0.237625193324297,0.243282964030249,0.224605190220856,0.209015933131865,0.199114704523902,0.189031890616609,0.194075657108851,0.182187871074533,0.174141423107991,0.155564680051349,0.158974192929931,0.151468282383389,0.136560090026497,0.131356113814351,0.125708489118934,0.122466669604244,0.117060863328592,0.112412975314585,0.11040188677265,0.0978332175044319,0.098106365214745,0.0890639398008642,0.0830952762804997,0.0801686732127355,0.0758735303654632,0.0755518634935552,0.0677790594890897,0.0651895207885419,0.0612698775271285,0.0533202458879471,0.0565996470042014
485.41,0.976827777536935,0.942462780521256,0.788999915805171,0.817016939922717,0.784513386203223,0.825701310885586,0.770719983807298,0.771676276910007,0.778580822135544,0.730421175460331,0.735803852277833,0.667885980294404,0.652717001199078,0.654076632938603,0.631428966395191,0.588912252672269,0.579492176930806,0.543018715360538,0.546024785908548,0.534302284002035,0.496143004321239,0.465146030152783,0.467862997906826,0.463100983780774,0.435344529283619,0.424854792428222,0.420469855701138,0.426103508545478,0.406243209029961,0.409576309353612,0.391440942182289,0.400803040250528,0.411861468446848,0.403915930426137,0.393949556502619,0.393691228660577,0.39077031979829,0.384913269957019,0.367171429968116,0.379849440664081,0.373444530199102,0.368109048540768,0.373273492363715,0.356331273716284,0.356772024762973,0.356591177549225,0.366886200161823,0.347099744515767,0.346570767405687,0.341886539517966,0.348712084780733,0.333383016950081,0.315793075472834,0.332358769338222,0.327432315075386,0.324505238858313,0.327593192859036,0.30888712736644,0.299093958010635,0.291339774701947,0.283726734663393,0.297480148381888,0.283479299400706,0.261199240945958,0.265826956124895,0.264656052239959,0.248520325296782,0.250051831289163,0.236385924066457,0.231106955079269,0.225394776964004,0.213635439307137,0.202175012722154,0.201925882000153,0.192852815888903,0.190738771918917,0.172718583338974,0.166988419883837,0.155594078908424,0.148188575783924,0.148242105224487,0.133730831594962,0.136105396081498,0.129350264669794,0.12402263326459,0.117519226518792,0.107183088288899,0.108657447025508,0.104806509096218,0.0885485904728211,0.0861780417356094,0.0801339617138067,0.0699793091565983,0.0572943834640875,0.0629118948444431,0.05833310303862,0.0472050892055073,0.0542342461115937,0.0554784893784666,0.0525119321336577,0.041017628114045
487.738,NA,1.0301063657578,0.784626990037874,0.881927521484509,0.885412653863107,0.835720799931097,0.827846826540712,0.842045976504394,0.768523299341013,0.738007640933954,0.688198684408324,0.707749553234438,0.704749438284348,0.66503656077929,0.667430060969302,0.591399138773545,0.603038656759834,0.53735269939935,0.540769053357512,0.524963941344207,0.504400811219492,0.511038531079595,0.456299275805266,0.461766323429733,0.465980931175274,0.447872237089237,0.445951891651823,0.423077677899798,0.423170718523827,0.41196570973386,0.403502064765376,0.376125395549631,0.415168309812476,0.396882943326091,0.378624101653918,0.379180653044642,0.384698254165884,0.359986402692556,0.367572154211216,0.355051613960483,0.350253094885167,0.355090032769819,0.363038533372248,0.363671347161558,0.355863752669604,0.351274515678055,0.364811683502311,0.366439481166159,0.343313636348897,0.336722125141656,0.334573815880935,0.351160585786611,0.339719684220209,0.323025105975569,0.315472623170667,0.317103504489416,0.308951996604221,0.299559004267581,0.308815659956542,0.298761518055428,0.298577971078996,0.299441165188527,0.283116118794293,0.27865389147553,0.267830950210974,0.27070289582882,0.253408915008616,0.245635676107695,0.251370496022668,0.243347530718101,0.217811818660947,0.217228081275091,0.212353337862255,0.202058091750257,0.187771055090424,0.176221329403496,0.17563796172255,0.168111439497359,0.163709764370434,0.156284232188716,0.14400934768551,0.143060559929103,0.132587971787919,0.132363800198063,0.121430006529517,0.115139828019917,0.107364958538204,0.111134750915497,0.0959611775461698,0.0981435879910248,0.0905405650520873,0.0863923535359453,0.0762273902216954,0.074569987981369,0.0759279450001012,0.067092893094887,0.0689497899678157,0.0663537503801122,0.0624146095744136,0.0607758313675065,0.0440364438417797
490.067,NA,NA,0.809041201915923,0.85694577454777,0.778269495669475,0.808369650806051,0.777918556008586,0.743211322099463,0.670549893933537,0.69514287657723,0.660755749385344,0.689615972222486,0.628939634459856,0.611877884986222,0.608144010244971,0.585586241852655,0.553050263019585,0.543093366291652,0.509457100077823,0.481735829681468,0.473614265392288,0.469676701390481,0.458324439251808,0.45671645463567,0.404083292502953,0.43463294731473,0.410812711866492,0.388991014280543,0.403822078068963,0.400759313560525,0.393081872290415,0.383857896426436,0.391954146922351,0.382265897082251,0.359501651275832,0.367175794455619,0.360923566161826,0.35257423513565,0.361355411208777,0.362729324661268,0.362608452669505,0.35410522770592,0.346989582981439,0.353671035883431,0.344793663283129,0.361255986591115,0.334374012257337,0.331848261910829,0.333798251791197,0.338586622241964,0.331357247928548,0.313079467002201,0.315654683711845,0.314854286388722,0.30697181857595,0.306196603869395,0.308469799599864,0.303730103162422,0.30676063616095,0.295931743415969,0.285202477780298,0.284479507148157,0.271234448565391,0.269476163867418,0.261416476524005,0.253042286986369,0.247300287741945,0.230081515119405,0.251700705332454,0.226491747905969,0.211781029923794,0.202903642471472,0.196164065151864,0.208989124886879,0.190794446001427,0.189103924826265,0.17831443204668,0.174512242212683,0.150244917747906,0.162187330096427,0.149358264215859,0.146063195454498,0.131317104199172,0.130350593482838,0.115825324274553,0.11483049933698,0.109684047032688,0.0940742705198924,0.106861713794029,0.093615448150692,0.0886287617958805,0.0814858265716962,0.0759095113842918,0.0862402645283771,0.0755265200021983,0.0648710700552786,0.0612736982650139,0.062037343406236,0.0592584664015973,0.0547466297885567,0.0526501413820539
492.397,NA,NA,0.920139487019739,0.808125197235912,0.769078248241346,0.834140589547555,0.818396877207583,0.753683080172242,0.727408912306799,0.760650931085973,0.682366898303067,0.62820701987115,0.672411125400468,0.660331590496598,0.603796146782088,0.602218737668928,0.570635904232851,0.540702915740347,0.518218545378667,0.533137845078702,0.481321744876506,0.464855933346494,0.469051418396841,0.445919240087738,0.446622532655576,0.444968313022875,0.411237028573293,0.42029639561805,0.404219415015386,0.40175198313253,0.410723597844645,0.397209455402465,0.39071413105334,0.386969567579591,0.367271265973743,0.373251438992234,0.35980105646522,0.356336628288091,0.359834050074723,0.362201498751595,0.35233283465957,0.348891122231588,0.344409930197236,0.336275953646624,0.337811275742602,0.34790554860582,0.343906718600164,0.340543744415531,0.317973601270984,0.322874212445727,0.327017361856335,0.314192204356739,0.321776552519289,0.307426226149674,0.304548406733593,0.303793527126615,0.283221326433584,0.289684522224437,0.3039697022817,0.299752773446534,0.282761752629339,0.273418132202324,0.288057820953284,0.276881068483815,0.263261993397835,0.262114523275916,0.266850068027508,0.235195324026157,0.225078373960721,0.23346374771578,0.223998602531864,0.221277862298285,0.205969099629564,0.196565565270979,0.197125613585934,0.195939063957927,0.182564246835777,0.152110567500211,0.168928943152428,0.1596088890971,0.159350363513646,0.153593534410633,0.132716261431274,0.124888090753586,0.123192677315879,0.132903664981475,0.1138660712308,0.108764814011137,0.111480367084733,0.106089573323333,0.0984586481692862,0.0804495320451555,0.0944471867325563,0.0877974314113264,0.0816009122557359,0.0693850182089388,0.0613445445850389,0.0700032513405965,0.0575565752035132,0.065521487408031,0.057943761342102
494.727,NA,NA,NA,0.831380053057671,0.809850590487033,0.845531167301182,0.752033382662362,0.763692357921157,0.776054121626874,0.690717384070313,0.656443145162674,0.646098930667498,0.639125490114711,0.593284635740785,0.636483960364338,0.591291741443964,0.58474417990333,0.523333835086765,0.507435744097893,0.515952515901882,0.47096669140089,0.453466533982352,0.442093975783539,0.431800854442774,0.428215043043604,0.412002414136838,0.414299037236617,0.402898173350323,0.408223770499002,0.39917471325123,0.388696422373404,0.391882155405481,0.364730596211997,0.360427967458039,0.34917024246483,0.346239557337542,0.350494604490203,0.343473890130073,0.359941299771485,0.365001317750912,0.349676087785184,0.34758413747895,0.334311307607607,0.339981819921925,0.331279652276057,0.342582162218834,0.320001449550542,0.334119235524113,0.331712796612236,0.309219275299327,0.325405459805694,0.313040959390096,0.30017654806074,0.310911698160148,0.300384306603977,0.302313891870959,0.298405425894598,0.301020779723674,0.296658877215164,0.288600318674326,0.27671733511014,0.275161547265592,0.266242230714831,0.264880925573823,0.257222137476966,0.253639000486464,0.258732000799915,0.236894689954232,0.230967644911968,0.212628329194773,0.219906426844355,0.215895212547137,0.194545990657802,0.208165854074562,0.192220234581684,0.193188681035868,0.18706823816039,0.182539800350028,0.166706243440728,0.155578757160753,0.164330276992261,0.144198785312528,0.142415021268166,0.137813377521396,0.126375281073487,0.133326088135019,0.120801238037031,0.11252236795503,0.106531465568675,0.100312642340847,0.0960371804839266,0.103490946192372,0.0909298032513306,0.0824684441115007,0.0740881782882797,0.0760260087159549,0.0722548544528406,0.0746556325337591,0.059034010620096,0.0578440224497805,0.0542850445525859
497.058,NA,NA,NA,0.818999967978237,0.833310487406601,0.824016613132421,0.764939298407952,0.769653887914648,0.758162834381049,0.689325585186046,0.663215497929072,0.668811270161917,0.635016473696358,0.586736920812269,0.618966140936895,0.562528836870694,0.555814092041471,0.527812249957503,0.517007385893888,0.493948283727173,0.46080763927434,0.44910393034553,0.428529463419628,0.445876372733367,0.406813724404971,0.432358507393653,0.422509748763519,0.393046840100719,0.394446950850706,0.38456215184178,0.374429487051388,0.386218213430769,0.375581123350969,0.35402448858884,0.37064202543542,0.367184938387698,0.348911361998373,0.340957318274907,0.354090502725288,0.332876992303086,0.325659718500265,0.340455049799363,0.339873321495965,0.322062596752493,0.318813059732282,0.333430787573208,0.327621167660053,0.321202173813334,0.326661644594532,0.304297252250004,0.321981730901367,0.312757694589212,0.311818411756327,0.298017170392045,0.292876746459135,0.301679861076628,0.300124604130985,0.285010819050001,0.283727315702896,0.293069291157119,0.276214451395459,0.270858265180746,0.258427679480692,0.276231098848463,0.263140890018249,0.256055744784054,0.241622398557424,0.237823061304598,0.236443208818012,0.218789173464353,0.224402819789392,0.215321303772584,0.225174446193256,0.199010859063741,0.191772477659088,0.187487535078761,0.179945073882273,0.180336583806109,0.166393168161285,0.155379256123829,0.157407931853745,0.144417938135314,0.144231028880684,0.139998750855577,0.126527399315265,0.127780828819654,0.129356369750883,0.113245610922087,0.107855021929417,0.103015201391415,0.103041581467372,0.0989311115585858,0.0994844443780974,0.0828585452151251,0.0889827834755637,0.083005318877099,0.0762653466068931,0.0668401889819449,0.070939434071199,0.0678698798690648,0.0638055190255225
499.39,NA,NA,NA,NA,0.724910151286537,0.714312409872177,0.713807386422321,0.669988021459397,0.695334774712345,0.677288151221934,0.637670168175866,0.63548052226934,0.617630608811875,0.615701817151628,0.514900970628198,0.558832589114747,0.531306520778302,0.52445718924977,0.487466664621169,0.465348661541853,0.43806733728347,0.441815590411801,0.429478895217845,0.445347824164668,0.411026755869276,0.383179042209163,0.37156891787544,0.379810320280745,0.37317863383068,0.373658291333135,0.364341451448522,0.361294008914282,0.349554918089148,0.355706975310739,0.330944239831219,0.335046414835713,0.334534208557796,0.326473680870243,0.345637381193042,0.323378892111667,0.325200238718039,0.32882502215056,0.308162352293414,0.321575262192506,0.306696170994458,0.311794409066644,0.305801616815072,0.310525191836839,0.299344915785019,0.301551398249637,0.291027253497127,0.286622144330081,0.289188149896359,0.281156877285992,0.280327586666373,0.278320292630692,0.274042930619925,0.280786642010832,0.273340192512798,0.259503117948794,0.2499949784064,0.259283180473327,0.246423644613302,0.251183917134881,0.246718169308536,0.234803615885113,0.224681770813449,0.221080613941346,0.235414093595599,0.228538165005876,0.211978405619822,0.198499576045217,0.202181694665631,0.194587457782599,0.178685357834777,0.178213216922438,0.179003607621358,0.170285024654728,0.167326752935439,0.150818336159479,0.136609260443826,0.142300145279718,0.123701420076241,0.136825199973546,0.129954098056679,0.126713379301886,0.111271084945807,0.105789807062733,0.107573298251738,0.103362288124478,0.0992057393019366,0.099360522100207,0.0823737720859386,0.0844653972780963,0.0846479957377491,0.0685232781749212,0.0713644115033749,0.0797883585014194,0.0592699063191467,0.0564437002779923,0.0611922927349512
501.722,NA,NA,NA,NA,0.832510851412341,0.767572836020045,0.713131033507035,0.71152330178778,0.675223856458989,0.663455168069495,0.614965353981692,0.629037708067094,0.622918244740993,0.636201432565041,0.583989033565921,0.559652574963239,0.513105079813255,0.522182848156638,0.478105299003034,0.479470153854384,0.423467049635046,0.452092589015449,0.411227011201467,0.416573543719978,0.419499809987928,0.406300261127439,0.394030514361816,0.371059593140288,0.346164339969704,0.35659195030393,0.360146303750324,0.348270986933988,0.338482792089572,0.35497905814784,0.329175624448041,0.329729828233703,0.339813771121212,0.325365642945177,0.318837380498649,0.318676670595694,0.323698212406583,0.317151013551052,0.328792780929645,0.32873391565966,0.321015818460303,0.312786897568446,0.308022057231757,0.311506846583771,0.300704495362127,0.299795497735461,0.294695327838009,0.297548196475702,0.281746117218197,0.276011967511467,0.290420667630151,0.291897162949401,0.282660652719028,0.28021303754085,0.274691443259943,0.274381351550056,0.264861678078675,0.268399884857859,0.254854606590849,0.252599739939933,0.235958131282191,0.241369973286765,0.237634516349072,0.224566589081077,0.21649165510024,0.213449611159536,0.2076104135431,0.196674997394679,0.208954997014112,0.184571544495295,0.189394776731693,0.179397190244245,0.174420399863864,0.16292078464661,0.154863614487962,0.162074358874408,0.159067636404128,0.1439210292743,0.140888199433906,0.136725303499769,0.137374653174157,0.119205679691891,0.126245210178048,0.113962675335406,0.111561818560736,0.102661022323083,0.0988881606399819,0.0947854142795245,0.102075811398084,0.085486138844786,0.0875595598322892,0.0787010651545604,0.0824628154152307,0.0733527275858716,0.0727862090964171,0.0663186465983053,0.0663271861283783
504.055,NA,NA,NA,NA,NA,0.687101404967939,0.694518067180796,0.654130060236935,0.678456938137313,0.68647787593108,0.666814121523784,0.60175524330297,0.598533346956649,0.52506354669979,0.577299180610752,0.518315915800352,0.518892227396206,0.50115392984639,0.455923011816291,0.455147167642244,0.43565842590985,0.416183552979875,0.416492314211046,0.406358278502886,0.377520167926748,0.386310824448798,0.375887526776654,0.365670257137931,0.355192486638255,0.352653997243056,0.356258596560174,0.348929949883639,0.329918887775886,0.335871254246179,0.321438534149583,0.324693263794832,0.30404446603165,0.307992445837943,0.306738134896382,0.309175421183381,0.310452879023607,0.311553863210755,0.308307732882977,0.3025353576982,0.308827254517082,0.296000616562504,0.285459353239836,0.286386981894218,0.287007251184159,0.285430190341658,0.279997671139142,0.277965251116263,0.271415560240749,0.259998977780894,0.269445610856246,0.265155073180792,0.265449987991602,0.259932304114641,0.273497701095426,0.265533162894447,0.23870801847263,0.240978330635148,0.249030924924059,0.238197588939802,0.247388262819212,0.237127475808906,0.224668135590271,0.223483142746187,0.225205619551367,0.199947521957798,0.215399728633293,0.192260494109112,0.194139753977167,0.187428825089334,0.173268910272393,0.191984381069483,0.17432100044522,0.163773735262238,0.171728157163209,0.168801819841513,0.144918935347552,0.138780349693052,0.132247273585713,0.137485744803159,0.127948468192401,0.119191358667058,0.122216073155164,0.112878846616472,0.109748685723689,0.105156220207837,0.0986318988438279,0.094939141204141,0.0909423739100626,0.0896546419276471,0.085404867198671,0.0882543383424976,0.0847000014299427,0.0724200395711113,0.0707863486835092,0.0680860291459762,0.0643126191360655
506.389,0.740868359288871,NA,NA,NA,NA,NA,0.591034431235272,0.592432149105598,0.583172092804807,0.553330125318438,0.571043339460531,0.57538660142192,0.548164882683833,0.520198121868099,0.470654463954891,0.49120385123721,0.444852425657345,0.439004477056926,0.406957322880211,0.414236322071707,0.408364536162142,0.402271342401857,0.358847318545974,0.375587382480531,0.351862050379405,0.351807747545114,0.334183186635914,0.336202941255397,0.323515350894259,0.339591996432309,0.309061215309387,0.331367490732386,0.311749321838243,0.299073678445875,0.291990237165852,0.301452879184358,0.287902807442303,0.295653151490034,0.278939817639108,0.287578136045978,0.275957308696432,0.277165483865492,0.278428457783736,0.280477844942677,0.267866660183954,0.26976148148343,0.283386570029117,0.273080306138694,0.267208223724802,0.266867872785902,0.250432491928446,0.258489405128028,0.258064652446678,0.250121893729044,0.256947184623851,0.24690491874701,0.24944598518748,0.232513952854722,0.247075192230829,0.241767225774848,0.240321827223667,0.237985633201362,0.22939073131745,0.218498325667166,0.209282062823526,0.221958730822863,0.210277717563077,0.2076936892054,0.197881810144712,0.199924999212628,0.190125795691973,0.17741368110453,0.177033196815373,0.169041114872161,0.165173424660488,0.15760035999938,0.145184148634988,0.149952896913924,0.134192571924068,0.13930545025172,0.139443531942502,0.129656780024707,0.121022690018767,0.121579665318596,0.119589388908936,0.105265341233595,0.10705980424425,0.0978801805102096,0.0966980410769356,0.0977240332298336,0.089456166163393,0.0955435992611798,0.090290773700301,0.079638643590393,0.0765652344915506,0.0719153307819802,0.062923458969003,0.0629421910879159,0.0511918486400005,0.0441743414185913,0.0600963737164365
508.723,0.761392655633003,NA,NA,NA,NA,NA,0.729203219538106,0.679166867938041,0.618059350412419,0.622664713031934,0.650468511073958,0.604304216164359,0.586510909083515,0.53791950091011,0.517025970753818,0.528670704792744,0.50937409382799,0.473903712844194,0.46997497008082,0.456405424639448,0.430460291470083,0.393282321680625,0.393052997850414,0.378896098523312,0.354486588364053,0.373472497079229,0.362152282061518,0.336692263523714,0.342250485426496,0.337095345972218,0.33700720863587,0.32238766366921,0.321773206737457,0.324690846257016,0.316151498802457,0.300284897622172,0.308429305037164,0.28926330422926,0.292672574402103,0.282418741689846,0.284409266567262,0.2925198570188,0.281877101647328,0.28466358514003,0.270391855556799,0.267909569373058,0.268249331851445,0.275451965773654,0.26736194655566,0.275760169931797,0.262764727807514,0.274134565128426,0.256656523578001,0.252902091156468,0.244294598528983,0.256495484231656,0.256034134685002,0.251319243998479,0.251067566346799,0.25072988319621,0.242407164220758,0.237462671912352,0.23888239433545,0.228459390767494,0.215088403136761,0.217958915102325,0.212563128654618,0.217229651257568,0.214431692632111,0.199970991190199,0.199822355004162,0.183050592284289,0.186591736917149,0.191408656379578,0.177382361554817,0.185638764235327,0.165361198024545,0.153883541058492,0.165312289321493,0.158409447750133,0.148087579516407,0.13933123822605,0.13805490357147,0.125058336099178,0.121707706143707,0.123442978938667,0.116580010455903,0.115984860867064,0.113617560599409,0.0944059134856922,0.0938599871034593,0.112120231300297,0.0905928112219675,0.0845358387159416,0.0850433422819701,0.0770205548492947,0.072253694670292,0.0732086746396464,0.0808228883963892,0.0701185010427237,0.0670837010699743
511.058,0.806378554560479,0.843608557845145,NA,NA,NA,NA,NA,0.650912345644499,0.665716881325443,0.586260786686327,0.620346003755997,0.599551071451628,0.576461040894838,0.560841869915493,0.50119906128337,0.515750274945602,0.487078920656811,0.480919758131138,0.438977540935201,0.436399623705712,0.414871859303083,0.40453350666489,0.378145334850038,0.393226169317644,0.366430154763689,0.361254945504833,0.374429629801344,0.361261694536344,0.339244086631136,0.331866245972994,0.314011926852122,0.317921611949592,0.325387330552228,0.309329322189233,0.310338000144129,0.298149416743614,0.288659051964112,0.293861483831391,0.297045913696123,0.280450974910801,0.278583815740037,0.276725024776259,0.287265249702866,0.289560052218882,0.276110027098494,0.270776082911109,0.272640840953919,0.252019396774449,0.273917924278165,0.267811774051556,0.253019693178751,0.25496056805701,0.257511220843839,0.255655517291632,0.238871108903715,0.252863459147321,0.244872282715966,0.254077115416784,0.25538414947548,0.245999275555142,0.246044918864095,0.236203685854695,0.23107181068328,0.226455028564813,0.210437502681642,0.21716124101361,0.198938923665045,0.210124416314567,0.209656986862331,0.195195870380833,0.185887203376936,0.180791687001466,0.175829741418081,0.19503289754853,0.178146704125064,0.164768449037055,0.166672447469593,0.156183037588597,0.165316473697663,0.163822499183422,0.15120434322351,0.14405667367736,0.133281285355574,0.132889713667402,0.129199588394095,0.12837239386943,0.124498690251192,0.11573557886679,0.10972573449498,0.103055212866826,0.111988813577876,0.101015688508345,0.0910512076915994,0.0860271210207877,0.0811090918748585,0.0830619943260922,0.0753861649177865,0.0818647577916572,0.0732348197808444,0.0697577464497511,0.063123464277453
513.394,0.570560505107882,0.677246644404563,NA,NA,NA,NA,NA,0.669867902088708,0.615121856229507,0.542260767924451,0.555200639069377,0.542583349964066,0.512870867141329,0.488549394541262,0.490450775736304,0.472210443115018,0.440578851308362,0.45950802302536,0.418224788411241,0.420052497482972,0.411219524736721,0.361228073744904,0.362962991288012,0.355920182486669,0.332467196011335,0.339201567315624,0.325119432684601,0.306361821888914,0.299180971926492,0.301331109669027,0.293039465170995,0.284838831649793,0.289223244711588,0.29012322211994,0.283260067464968,0.286204936251425,0.257086963158944,0.274976811820006,0.268598763889447,0.275526487491173,0.268189885364879,0.277407959577526,0.254529240189,0.257738953637398,0.256978731944401,0.266693753208232,0.25162250872516,0.243877619704981,0.237160163093252,0.249835984737256,0.251012189768465,0.249950031306183,0.231945586632878,0.227513470407684,0.239192259028464,0.234048548616678,0.241035999328556,0.237462702678595,0.22853775195255,0.224839323519867,0.219896647989277,0.218754306578995,0.20294862418066,0.208481095105108,0.20437891629014,0.202568065697607,0.193278903366791,0.195668413024328,0.184268016574511,0.192229320451259,0.180817877084889,0.176552361728204,0.16359345412059,0.168367753319003,0.164514082318069,0.163538407337165,0.147939229039718,0.146949363340427,0.149297154453042,0.142670603643292,0.129324424455781,0.128276879794706,0.121734789916653,0.11331744229514,0.109471674932703,0.113187163354923,0.111469343535653,0.115152758559802,0.10772164511184,0.0974745754939074,0.094770026591061,0.0940097453808839,0.0912008223398488,0.0865571195593253,0.0826183897195653,0.0786495697021777,0.0788545204347994,0.0786813964297457,0.060962762295547,0.065184334215172,0.0607248536637679
515.73,0.724692725668066,0.710748756648762,0.767234763685044,NA,NA,NA,NA,NA,0.572584479961824,0.541709343609907,0.562320771995656,0.522860934208016,0.5480310938522,0.503345986878943,0.488324819186536,0.464809489259623,0.45115315394183,0.429194885459829,0.40226423305185,0.437446176720428,0.413460542179395,0.369246070733282,0.390278812625544,0.363300426855422,0.346192829378788,0.335962414348613,0.322592948198523,0.31939344392375,0.307237907477843,0.30291538399612,0.311761731667986,0.303201837291646,0.299198137618819,0.286413302712449,0.286717048172005,0.280085638532879,0.274929121804043,0.254183220360174,0.270269020023957,0.265606027130623,0.26624516188788,0.255108876389017,0.24700496342346,0.252728954451122,0.266529272168951,0.258248713596884,0.246366543620908,0.266933006436957,0.259320667363936,0.245822648582,0.2342114998246,0.23290754135253,0.235850446972517,0.237023624490938,0.232354230752013,0.230873461600683,0.227044500089727,0.216710741670593,0.230234527030249,0.22206128677952,0.21864358784219,0.220857098194719,0.209695570071313,0.215648948701612,0.205498352601852,0.207917331413513,0.207201659175713,0.193302550892235,0.193484009658601,0.178917074950258,0.185433841540669,0.187487505179682,0.186418597971014,0.169325110136552,0.176112343199048,0.154797932775351,0.157782237969969,0.152994821833919,0.150472781605299,0.157078096710773,0.133537912143601,0.140668095599072,0.13968398337974,0.116344112622533,0.119603974783163,0.111673285001654,0.116216596588084,0.1008404240598,0.106545136010937,0.0999277317159702,0.0979640834793566,0.0943349941023111,0.0923099723437753,0.089529549222447,0.0817899275324305,0.0787390761622182,0.0751725784501094,0.0717809923491673,0.0772722075678876,0.0735860751770843,0.0628460562113005
518.067,0.544025417980565,0.616021282973411,0.491002763614576,0.761314242971733,NA,NA,NA,NA,NA,0.541574204837512,0.534355648458103,0.513908786391989,0.494035222547473,0.486282022706129,0.485629130229515,0.431367690830822,0.417189368594132,0.402299064245581,0.394825169605055,0.38396273806973,0.372566500871905,0.354895368939374,0.352641220079106,0.3148972026741,0.319013068196875,0.316656022002935,0.325834708632206,0.29349731130965,0.312557355022283,0.287303125706123,0.296991949246276,0.265523916417754,0.266069306849039,0.259687187197955,0.265990439280189,0.258859060484147,0.260490933647647,0.251442698179064,0.24493680934478,0.257275040843097,0.236861775190428,0.246410169648356,0.247830697511254,0.247535986269978,0.247691604333581,0.238866442928416,0.223774410706196,0.221565548674776,0.244167871060559,0.229276092989141,0.225597140133626,0.232534732790298,0.233245069678829,0.221432781123091,0.216394454536026,0.216416221079355,0.220743770345943,0.220488522122249,0.213440400399681,0.208995105738306,0.209693381170819,0.193878535762826,0.207874009607136,0.204705836350726,0.194920295129399,0.197282563120826,0.188016682313801,0.179782225871226,0.182947563946242,0.172703714588975,0.168451390997967,0.164502092268118,0.169944363033349,0.167555557293408,0.15448226423839,0.143204618023606,0.155552621488238,0.137944917888185,0.134438319321843,0.13195751929268,0.130528635474244,0.117744627201184,0.13004742558769,0.116729625219622,0.103554390165899,0.108215763554325,0.112278405254255,0.100162016755903,0.0939132242426449,0.094916610720987,0.0879571535492381,0.095843696527356,0.0818642907603784,0.0856335013864617,0.0771262944442126,0.0776590420444307,0.0745204447166613,0.0739678369156456,0.0611646846258963,0.0650281326548406,0.0738768577465483
520.404,0.604148578872216,0.580106036413095,0.561761513371666,0.647690940271194,NA,NA,NA,NA,NA,0.54508893344417,0.479465233356516,0.511213065470864,0.458742504793621,0.466031843028549,0.439409072864625,0.408370138541651,0.438125492881101,0.414226444246822,0.377861513148476,0.39838816949097,0.36754066754571,0.336965490551642,0.320130923011121,0.323264881610333,0.317994898903239,0.301785129064149,0.298552311190006,0.311392997787887,0.280467208070761,0.2801931182811,0.298684647237676,0.282331255394414,0.27355137035665,0.25728864401782,0.270649228597002,0.273727898130718,0.243794071857204,0.246907909894465,0.272949779236602,0.239268776124814,0.245335630326152,0.228605965431576,0.222390845181518,0.230058110659745,0.224977823794118,0.224886013839041,0.227513614467997,0.217737485949878,0.217279906062751,0.222053675195778,0.225504419192271,0.212062037334991,0.208740651879951,0.219519965512439,0.211976571979907,0.206027080662103,0.204417511076093,0.202263640076158,0.206350148545033,0.211959114082983,0.195156667001711,0.205940216596254,0.189114652097446,0.189637125935795,0.192744749302398,0.184796340905506,0.173208697950695,0.17064068299345,0.169354827442547,0.173774388442027,0.169991755602183,0.159492969392437,0.157779515227864,0.149602189336998,0.151564125875675,0.159385600105826,0.135285680711697,0.126683783079381,0.142106913300034,0.126460040813169,0.132378278905406,0.126233961535493,0.115456640182124,0.121082520802713,0.118944188287844,0.114152140853782,0.10909152304871,0.0949169314885549,0.106715498988708,0.0983814386809312,0.0857247142839694,0.0889356384201788,0.0861190293860671,0.0822789374885419,0.0745734855142076,0.0841237649618425,0.0734919726341702,0.0703295188858102,0.0709044177351165,0.0601879680730146,0.0590689717816992
522.742,0.593646195472244,0.567354431681779,0.535400291152164,0.576933337351828,0.678994353385414,NA,NA,NA,NA,NA,0.504143638916837,0.468074524230061,0.456091502133419,0.430558585807337,0.429112062972288,0.43697587089209,0.415108723756027,0.407857197079008,0.361357034484942,0.373027909824114,0.355404212996674,0.342978237674293,0.332177197296817,0.313333735521196,0.318114621919942,0.27874975807895,0.281023176625594,0.311479739579327,0.280616489958037,0.278056144080947,0.253912334328805,0.275492019138333,0.276278123248042,0.265096979864585,0.270781738669877,0.25215159674689,0.246278012952194,0.244186197968503,0.239659279664987,0.235017333185286,0.2339546795172,0.230815760279305,0.232959092417435,0.229782928964957,0.220785509350196,0.228424194420231,0.219992182756659,0.216307858641547,0.219638016944398,0.219892993000882,0.205130343787073,0.209926992650026,0.211029167913656,0.2059603404518,0.208381074911521,0.199111603001933,0.210793309086094,0.206056209281542,0.203470748950149,0.199047291248413,0.197464235515448,0.200050793922746,0.192224902556751,0.194979032295635,0.189034611291181,0.182957833331479,0.180571701276656,0.171113669934414,0.183221657941094,0.170263859105033,0.162719460120476,0.160380361898765,0.147878696504126,0.148010226565734,0.154955737283284,0.141237751737914,0.137941426084608,0.135951568358438,0.137757099378208,0.134837676024404,0.117954760510509,0.1271731696615,0.115481923603865,0.111211925793556,0.112143378122214,0.116601823843963,0.105609762730386,0.106882886348705,0.0930911427967994,0.100206104992658,0.0997410796698981,0.0868201664214084,0.085801363402745,0.0877550356859733,0.0842937932187106,0.0697126363022179,0.0758673052829137,0.0700482938046055,0.066845262598721,0.074260257460939,0.0649709438675031
525.081,0.538303291897186,0.534513574416875,0.544069693844393,0.484698402092674,0.568672132817601,NA,NA,NA,NA,NA,0.538991156883419,0.499644432912533,0.462913631112513,0.440517568142166,0.420681216162486,0.399501262015449,0.380355437855968,0.380039232202535,0.376583469787693,0.347838896640175,0.33176236370137,0.324918430982641,0.323881270069655,0.326066673336155,0.319370413544374,0.2888784310707,0.278053569165423,0.279708244897554,0.268628032927386,0.262449121178662,0.258340100963865,0.256763455579593,0.264153221380174,0.256359240798258,0.239969387096228,0.231502593708823,0.238568788495587,0.242189774840366,0.220270947846698,0.225751843949059,0.227022724013977,0.219983144628827,0.23072462632079,0.22485164847577,0.231431221102476,0.222423508672908,0.217499462481584,0.205587150915642,0.215304907059372,0.218187474107481,0.210171015886382,0.206088006210169,0.209369643586697,0.202504482815745,0.20893163561654,0.198977118376782,0.199222039804324,0.20515463842025,0.194075994879726,0.19523033988077,0.190325994462939,0.196568814933487,0.185039490441189,0.181759689222987,0.180319608799921,0.173868934532332,0.177566133122448,0.166587439137409,0.169170752839675,0.169208809615435,0.151547624949332,0.160206091324669,0.148633814954816,0.140909612520394,0.148603032478482,0.151338477618079,0.141808491002744,0.12857232408464,0.125052057402215,0.129207216126866,0.123589844591636,0.120596859282943,0.114405045095166,0.116968517817158,0.113583111844141,0.0974852417307528,0.0924092789112179,0.107321102340668,0.101806004109709,0.102095199246281,0.0902043842066751,0.0926327507512205,0.0881146092057965,0.0854110243955615,0.0858955101304164,0.0769810181195765,0.0726311149612202,0.0701571200033041,0.0667059989696662,0.0622888454287549,0.0563851281206218
527.42,0.588581073492863,0.621338282778787,0.604261173291572,0.554164475933756,0.530096174885204,0.583838568628819,NA,NA,NA,NA,NA,0.474548117675453,0.45261140836099,0.4575693629671,0.427910011713021,0.398898003914174,0.395861214728375,0.367360533800565,0.374238886377255,0.352179212487941,0.34118926912655,0.31643465614335,0.334404927106666,0.292274685780027,0.298254787135397,0.279104050134784,0.280037408380577,0.282782484574644,0.275061793975952,0.263140668511665,0.263890811444167,0.245672971779755,0.254375708346776,0.231927256743559,0.244607671121908,0.238944202885913,0.222899002249966,0.225172043017336,0.222625001612209,0.222358159325872,0.223324097155134,0.219641748432885,0.213597805955847,0.228387746798833,0.220656233984517,0.203011283122162,0.195220559295487,0.209017827313172,0.203406810257401,0.200409939659112,0.208344255426142,0.214926653184053,0.219303361490671,0.200711550787906,0.200570660987242,0.19831410400633,0.191551869756599,0.176565143717485,0.179043483309455,0.18201321555276,0.174498421616076,0.182573238594229,0.182875551460829,0.180359139081088,0.180804800257068,0.16677728968765,0.16891610048931,0.165937336027667,0.16813134262376,0.157760354418257,0.159426521777093,0.157510371948547,0.145921844872054,0.148522475385948,0.145033205889882,0.135534284286588,0.151417409370005,0.129214447705583,0.129666405323014,0.10948636619032,0.128858672883831,0.128195813080491,0.12052612881174,0.112986713030866,0.110190643753591,0.104430208824531,0.102525040806679,0.0938604579985927,0.101297699937358,0.0887540369730223,0.0918363717726488,0.0861070694706992,0.0804674029394976,0.0909785163590139,0.0878625348486923,0.082460930004086,0.0725197743558578,0.0703218376781157,0.0675291431506657,0.0632032310914686,0.0587581938213513
529.76,0.649358356019995,0.56798456292953,0.565017272484743,0.474630491294076,0.53819538398856,0.497219816983838,NA,NA,NA,NA,NA,0.54884147138647,0.4677123044957,0.433511907134026,0.421090883713594,0.417308637481614,0.369833382885468,0.37111710872892,0.336904448290812,0.342357652201952,0.32356336298999,0.312041883479219,0.306023062598703,0.274949671187807,0.287327098940186,0.279673575538762,0.278774895120306,0.271020437547197,0.256693519618718,0.262518242521141,0.262171265851599,0.245098589832836,0.245984235984038,0.233469489937482,0.23857015401263,0.227672855526357,0.221888895145012,0.233419528283337,0.211355928036998,0.232200961755258,0.226565439077612,0.21706174001232,0.2131230672395,0.215722659795173,0.209336342185086,0.20556436741496,0.207206961586402,0.198770010099297,0.20555295683813,0.199947336462986,0.193833843492158,0.200150921240073,0.202332772143998,0.186712096475184,0.185522417699088,0.192722639240446,0.175757135836548,0.192998645257236,0.183763517531644,0.186735874159077,0.177028562022458,0.172122016352837,0.171296407298254,0.169439584057314,0.171358202068929,0.167133087796644,0.174198440217829,0.15899214620219,0.160684723507562,0.151476700521684,0.149344738079206,0.14774295604973,0.148437145591536,0.145265110506757,0.143029940317865,0.135201976472133,0.137417724323487,0.129364683481911,0.128480515937576,0.113543648119728,0.131073780203637,0.117253260668333,0.114719522740861,0.11270934138563,0.107767603235509,0.110321594962534,0.0936598519298395,0.0932860776304891,0.0942919015285958,0.0896214952092423,0.0955034809220633,0.0912229078420883,0.083469264773477,0.0793391802953388,0.0823605434526448,0.0728308676605556,0.0668427376837543,0.0728730349144394,0.0665787447662896,0.0651958320296971,0.0610929150173682
532.101,0.59737918269133,0.570895588120476,0.555878814127836,0.579212968498004,0.53370782194792,0.499515733098093,0.497508119205916,NA,NA,NA,NA,NA,0.484690788665317,0.442120543514746,0.426604145890002,0.407298430765249,0.393805202033689,0.398087967233934,0.348067066728403,0.348067435211751,0.300582534374121,0.326594357771136,0.289441813389314,0.291594039111953,0.274527642416171,0.272869151876733,0.278877620085597,0.26349681841458,0.265928741822748,0.250913993543774,0.239980911416819,0.239848584232218,0.248699807038396,0.263149656154568,0.23112658716156,0.231176096203169,0.225332505052457,0.230352231961897,0.2024910420359,0.206776032480747,0.222134352886928,0.206214366703107,0.206495449878497,0.211665217353296,0.209546351369834,0.204233411874404,0.190746622549151,0.20461099466319,0.194933244462611,0.184916816579935,0.196970688691655,0.196659416868237,0.179044246808921,0.197884197725951,0.183865111640462,0.197290790713099,0.185036263273454,0.175860222872689,0.188684324534116,0.181323625961256,0.186378703112473,0.175156307310777,0.175835786628638,0.178509939369107,0.172906584596983,0.155408546234866,0.167381801788695,0.155070912951574,0.152412134655621,0.149362556368366,0.153704955196145,0.145140525155644,0.148754545633536,0.14222982671188,0.136622856319831,0.139202154884857,0.122165562072279,0.136949045141954,0.139193004289204,0.121484369176911,0.117281366110567,0.121500824389243,0.114869069041683,0.110579841069642,0.108625850855063,0.097892376566593,0.105648806621001,0.107005527102341,0.103665563897455,0.0985824663058675,0.0955988592381818,0.0916500266684632,0.088509110914807,0.0832990829912436,0.0788463664600986,0.0829955663390911,0.077181982564177,0.0803693213227747,0.0775790209734459,0.0675081747796805,0.0615910499823125
534.442,0.52354434686497,0.517966812230008,0.57021215974153,0.515876167204888,0.559211628692701,0.492753577444397,0.493368510673934,0.534589349883653,NA,NA,NA,NA,NA,0.428917908464527,0.400466668692634,0.365658362787352,0.375146678229813,0.359313266583708,0.33899758480503,0.333736237404439,0.317901352857577,0.302301045784446,0.282237875212794,0.281227270689807,0.274854640042874,0.258885061884494,0.270669689366391,0.251425466121109,0.247964094193315,0.253409348621381,0.223908197210232,0.241692068892727,0.234816865974676,0.224066165013388,0.210302966791707,0.223561992680275,0.220809935120597,0.210646592531844,0.210274413042377,0.201737341050838,0.202931072862824,0.197770451206698,0.195457698012044,0.195315528407534,0.19849548829572,0.189824039835274,0.190905262675648,0.196819064325389,0.192079777664129,0.18464842001646,0.182658265605562,0.179866401167299,0.18211597306863,0.185908968401032,0.180040247708349,0.177613774453357,0.177085284616065,0.179305215668162,0.178867183317264,0.184445377185503,0.170601278659334,0.182759699592196,0.170021687299283,0.165512560457044,0.153134277968115,0.154463189257625,0.159162162856491,0.151410338560601,0.154579467361934,0.146434721576689,0.136911406419024,0.148644675650725,0.131202590877198,0.144131480205769,0.13061824967396,0.134429035617816,0.125467944833279,0.120643031316093,0.110936846289923,0.113961472809386,0.104436852316228,0.110300989600565,0.112735631320369,0.100610831891919,0.106706440753411,0.103256810221273,0.103941860292083,0.0964982741370218,0.0928327882879436,0.0959788698441881,0.0947702760981286,0.0776736248459381,0.0841493504639744,0.0828676099307364,0.0794677740268272,0.0734445220618691,0.0671052254209459,0.0721012151916381,0.0731855181287902,0.0706359121615449,0.0642387552736123
536.784,0.330158016527858,0.408642069330433,0.399797208268993,0.431672078609236,0.452440441047656,0.374056341705381,0.426048097075635,0.478174882789665,NA,NA,NA,NA,NA,0.411318094999089,0.378827584510179,0.339860939925086,0.359583321217005,0.323215412866368,0.318487746051988,0.297371259053058,0.279946880147453,0.26062409751327,0.286842027033763,0.266974232344004,0.259792499905092,0.230591512201031,0.232888238879555,0.244888106766407,0.220865288277914,0.223169251967654,0.223172387740735,0.220231285531256,0.210666028830449,0.199408356450708,0.190536868131299,0.193989937992232,0.216409375670226,0.196198553927373,0.189116180650939,0.204324334047814,0.203758841850965,0.18706239002492,0.193874640202967,0.184311409413121,0.183364384827054,0.184460992049925,0.174218655612982,0.175753031027523,0.180099626356951,0.181693572847206,0.174102045209152,0.171748752749584,0.180280287299488,0.153575544701678,0.18111093399432,0.157738263097698,0.161247669250825,0.163432169384594,0.161420394729341,0.146252695782894,0.161994410892137,0.156271556382074,0.154242625391066,0.150723298810546,0.154889262718575,0.148236685897599,0.147198530197948,0.131064553712133,0.137909642327907,0.143014992395662,0.121974908889167,0.134440034454466,0.132976408300581,0.13310911682555,0.112754367386657,0.118082822971597,0.110910268075515,0.114579085969593,0.115361917198472,0.110124831646681,0.102307055616011,0.0971153911735512,0.102912959650783,0.0961018903173037,0.0908898376925047,0.0974971459262947,0.0863682911190859,0.0799338151709288,0.0892551157548705,0.0863634314575095,0.0801720190887126,0.078702760328916,0.0794383229500414,0.0706263326566326,0.0783460308112247,0.0677637387461431,0.065317830125668,0.0635194790802006,0.0484076101273998,0.0594610934138755,0.0568762437433563
539.126,0.438343660977743,0.465789368823866,0.445125392814891,0.425026275037828,0.498995892589605,0.442314418231201,0.433182667913404,0.407698425852397,0.478377425889301,NA,NA,NA,NA,NA,0.396412842098551,0.366130599928708,0.354667970370581,0.327162894811822,0.348479313893919,0.329672919571536,0.311778393348842,0.290688616863608,0.273926557664708,0.251762585389393,0.267839378655926,0.240121068923585,0.25137111267534,0.238008515671558,0.225630787636828,0.221126192761487,0.221202287759234,0.211812174952861,0.208784914807649,0.20365745248151,0.200770262689223,0.20452427526839,0.202234181595846,0.195933658867233,0.183885690225027,0.181374904900363,0.189553585965531,0.189370437835745,0.183663262582289,0.183340853293258,0.180475192614422,0.172003730271573,0.171775219420072,0.18354192710149,0.168305097979734,0.178578446709081,0.156413153913457,0.161224489554989,0.172033471876491,0.158150996982223,0.161142152896349,0.162332819980233,0.158824115315489,0.162495067684583,0.162364383048416,0.169858864680437,0.153228498783352,0.15869802519602,0.146094947201058,0.16713893443012,0.141753742274864,0.14912808986091,0.142713873550455,0.133455870206482,0.147062751082396,0.130231539840547,0.118726280939916,0.139453235428717,0.136346717948525,0.124379106620026,0.124889100845875,0.128249598693479,0.120796689101948,0.110140493415865,0.108228081940157,0.105608201554654,0.100955844078779,0.101999411008297,0.101674465435872,0.0998285073746676,0.0875980863699195,0.0899406841949967,0.089231015326878,0.0896057468135466,0.0877646498128615,0.0888078923729929,0.0779136126310421,0.081143983536892,0.0771953685695194,0.071581499255374,0.078617776459544,0.0746944902809742,0.0644711893507998,0.0585844456810199,0.0686900031586415,0.0593320108866012,0.0564850541750464
541.469,0.499126762202999,0.493693687901337,0.485111119742556,0.468776968718367,0.500853028965167,0.446245686384828,0.470725048617637,0.474061465777699,0.454221322926404,NA,NA,NA,NA,NA,0.409416274515907,0.376232494744129,0.344874926105229,0.356733869927465,0.328684733497461,0.328422780413658,0.279617760839783,0.282322218812168,0.286124514569638,0.258129682983227,0.281904515225074,0.248011089184121,0.243141074838604,0.214037390185138,0.232842655859505,0.21575174023559,0.226455793148737,0.226116626326027,0.225396240335453,0.219896908304216,0.210656017967579,0.206782850561043,0.203023165008223,0.197162770222845,0.19500402352339,0.204481749761076,0.185571732203101,0.18221514882097,0.190023719423943,0.18249030205397,0.168263822781124,0.185427234384761,0.172796588551861,0.184619091174556,0.176125282227443,0.163113649507861,0.169397470222448,0.17301601816862,0.165648573908078,0.171349323391053,0.168389485116237,0.165933877080195,0.178726334308095,0.156814512101629,0.168574100454048,0.170120928499549,0.156813307161274,0.160413956209648,0.159127038014499,0.153715885576471,0.146872540164377,0.160418326378657,0.150188894046137,0.150780256217811,0.145645613516867,0.14119442284374,0.127767455583769,0.137487274666123,0.13604030901838,0.129034647237436,0.128732231890959,0.13121933032396,0.117330387688568,0.123307468711983,0.113523442200537,0.116546724307831,0.108621628190834,0.113580297169814,0.102042545220766,0.105966510921888,0.103919252658685,0.105430689818918,0.093407745098863,0.0939292659690905,0.0916962917796047,0.0941592465057609,0.0890116173574338,0.0861042880674315,0.0858113711908344,0.0830652499504377,0.0767449391417389,0.0686054922496734,0.0678422086511216,0.0732554389860799,0.0638934163086465,0.0672528613940887,0.0747251401946408
543.813,0.417181969968546,0.431471562240662,0.364401159115213,0.442833717810466,0.395796176666272,0.379006842706277,0.36111548498551,0.390781521747418,0.371132134120666,0.407589480274391,NA,NA,NA,NA,NA,0.370968575461436,0.328777338897115,0.290728921153128,0.297147243382411,0.307922313073629,0.279788517222317,0.269230774515917,0.252746568955764,0.252859646217536,0.235850451016617,0.24245144680732,0.219428213377486,0.201726891224104,0.208154513816835,0.204641126955,0.19960672571182,0.190107261546153,0.179089504307962,0.194234754664406,0.182371008412321,0.198480873030996,0.173643646062844,0.184130716003827,0.177444687050219,0.172062583089807,0.177154283487949,0.16079667356939,0.165462577596034,0.169907085514427,0.153874101469714,0.15496988771093,0.169043739024157,0.152391610410408,0.155815460513696,0.160947878815343,0.159379811224292,0.157466774046624,0.148311927669067,0.158479060641236,0.150368809133311,0.144508702499918,0.146159700182145,0.150560329389269,0.150721028684526,0.145898953980109,0.141528061411099,0.1417300414759,0.142578540874666,0.139355227677806,0.124471562836172,0.137122620685221,0.135227749704097,0.12622652934043,0.127892688025034,0.119898332116031,0.124162360077552,0.124696173951639,0.125657128752681,0.118632223924555,0.114909469106475,0.107049017467994,0.10047707364654,0.106206783001006,0.0958166756806551,0.0968229085198627,0.0953416996756672,0.0816481485179,0.0953095071440228,0.088774999166189,0.0861321054581498,0.0827566683491817,0.0869925546835403,0.0816440261399978,0.0697175901786423,0.0827181051588111,0.0771867273492738,0.0764868533400004,0.0706709563309573,0.0733441296155915,0.0645563632609874,0.0661661668902657,0.0616282382211819,0.0595238708408978,0.060228168789069,0.0589306716451993,0.0469752154164861
546.157,0.349538100738143,0.436974434519306,0.360520652355809,0.426269876401121,0.417330967511101,0.420588641677036,0.381314532494084,0.359325887077471,0.387113280992387,0.342531988371791,0.484513450206602,NA,NA,NA,NA,NA,0.343832538246857,0.330319315051573,0.297083562662021,0.291323227669572,0.268030718262818,0.283298490125133,0.263217120037821,0.252163159068104,0.235149604679633,0.229879367276539,0.231687665824177,0.203414263360736,0.203483918151879,0.204589000702408,0.171313103555333,0.201941157933899,0.212907517268672,0.182283590145773,0.18183354895544,0.194043531030182,0.173605324931763,0.181386890644551,0.169744733714674,0.179625857670415,0.164419970001868,0.167903051051474,0.168819710047645,0.171187775919233,0.164165708008038,0.158126913579665,0.158380909615287,0.150514400886326,0.151319062476477,0.145197920604788,0.160966999943219,0.160191869465537,0.151703162135889,0.14815713438448,0.14823271042838,0.16354118539332,0.144319022050655,0.145760511731812,0.149677612098553,0.139917563888257,0.135506496922693,0.135323568917026,0.138449333776037,0.138955661582389,0.132792998900061,0.1374582453136,0.122769679463151,0.126516312993294,0.125779397200975,0.116931951108436,0.120700187139074,0.124544579771937,0.120854444778321,0.120523509841468,0.106616848920041,0.118338984185087,0.111062877302261,0.0970067484427554,0.106599916303093,0.100470678138014,0.097230199805178,0.0992755545258118,0.0870089126880574,0.0869203145370094,0.0869563307924276,0.0842448317860436,0.0897763785186443,0.086811599397986,0.0860727133611219,0.0824078937250317,0.0772470418312255,0.0656574554145361,0.0804960456190459,0.0686160269674608,0.0667379363920385,0.0597415490037446,0.072118814049511,0.0622800868337688,0.0625942607128817,0.056043042186652,0.0549499648707808
548.502,0.374042468955966,0.389123204047281,0.436888339049608,0.399603405244478,0.33979622989902,0.332955903072371,0.383387578819716,0.387679560550036,0.39801716755512,0.347851068166094,0.387840102346694,NA,NA,NA,NA,NA,0.353770806408593,0.314890671104745,0.286154102056755,0.278642475583084,0.285899974986974,0.267685281104836,0.237089624942969,0.246024051129541,0.230491803966798,0.243196786422989,0.225492425240813,0.22070019532491,0.205096320127474,0.204569989122765,0.190059685114459,0.198147216362307,0.186347105059824,0.191194987561537,0.183826341028309,0.165071240582264,0.168185976088154,0.174781114980929,0.170657056844151,0.175252937438596,0.168292112200209,0.173423311687463,0.163199241810826,0.173753363145318,0.169782831859527,0.151936173814766,0.158118066517886,0.147479729356153,0.160934438153716,0.158122836208048,0.158428746192257,0.155032414347426,0.14689204408481,0.140327690302717,0.143828723145662,0.15017779995399,0.131967200369638,0.142013125094872,0.142919077374862,0.136150240965643,0.142285084007293,0.137971274463966,0.137228817857184,0.141235936140099,0.134269662953972,0.138188221367075,0.130061425113148,0.122048095868488,0.116040998820292,0.124096986350759,0.119259217805576,0.114737589971249,0.116867779043048,0.118691946730663,0.115274899635538,0.113377061394486,0.113841233319341,0.108667028149007,0.10179213807102,0.104123080006514,0.0946891065682379,0.100616927321089,0.0983533412768448,0.0997954412883984,0.0955531587669973,0.0809158045289992,0.0801067774521901,0.0865569062453324,0.0795805438618977,0.0916178562371023,0.0889448936478362,0.0805500379463372,0.0729172883201488,0.0682809817654448,0.0783568375242019,0.067952738488312,0.0626569299834924,0.0653865709027153,0.058844908911677,0.0563383922185029,0.0537506270849079
550.847,0.411777944486833,0.346120340000085,0.392306723116833,0.415573676991118,0.335106769331935,0.390109675923339,0.371118736340024,0.357681096359006,0.361137218698193,0.341237000788467,0.335234320706881,0.400730306971221,NA,NA,NA,NA,NA,0.333107334391385,0.263910037504023,0.285336781292098,0.244461273594246,0.256597148238112,0.237076479762145,0.228315275428584,0.220669789733484,0.215289412675832,0.206332104307838,0.191374261431925,0.199907252827133,0.196077010149564,0.183994963490881,0.181822390701748,0.16346221144419,0.175510859069479,0.182832435914171,0.171064842117637,0.173113651150588,0.166779923093246,0.162873516073842,0.145953605416472,0.145896943898561,0.170533211957523,0.155833524346887,0.158938259267225,0.154385081514591,0.147647101049829,0.152326471561109,0.14980739221987,0.145312460586584,0.150164063063144,0.142181446111613,0.149044246292921,0.14990968113722,0.150449359229597,0.139352618067563,0.137829120703843,0.13348109493597,0.13753056067226,0.139914814206128,0.131644562419817,0.121853156907611,0.128512655108503,0.128857071995925,0.128969091005754,0.127740205669038,0.119990916301314,0.117990220893443,0.112980173025843,0.128886461158989,0.109833433914576,0.111408402461666,0.112645117091069,0.111401260682745,0.0966729055405901,0.102085029206102,0.0987701880590774,0.103317172952494,0.100676556811837,0.105378996335205,0.0939401517710814,0.0977176578383751,0.0897175998073352,0.0887012449127573,0.09010211034558,0.0837547006590928,0.0784579737480931,0.0774776563756882,0.0810614132996933,0.0770291489260971,0.0803388466443033,0.0754843713002652,0.0703685725580204,0.0630640556224905,0.0737819894408323,0.0667388177967329,0.0654695706254822,0.0704122382533816,0.0647041060010646,0.0540727604710582,0.0531124129651085,0.0612295605223382
553.193,0.426027936622883,0.305654683939436,0.376168899322753,0.438622886452446,0.329575352928101,0.343151315996076,0.356260437170454,0.317728670842724,0.386958676980247,0.337416111297379,0.328424644481304,0.338939202550125,NA,NA,NA,NA,NA,0.346772874863413,0.271455502655322,0.270807529091945,0.232396087522827,0.249553306726702,0.217719076218404,0.227996184253488,0.220956745574887,0.224520975338733,0.183819392314759,0.193482627687299,0.184439792962997,0.173606309912555,0.193715899460797,0.185933750416924,0.179188330889194,0.172673178779041,0.18666679951562,0.166838025908932,0.153844779028177,0.163224823556147,0.15853191230409,0.164833915121331,0.165512648181098,0.153563171226921,0.152351490817707,0.145102506874269,0.152599595252129,0.148613399380138,0.146686518200571,0.138468419191013,0.158448044523739,0.142010663385275,0.136692508566854,0.142822849878059,0.126850994201499,0.135644111432545,0.133577230114926,0.129007516208054,0.137800633620253,0.133589237605359,0.1329264187331,0.137878292732257,0.13984532445805,0.130938811112893,0.123734841826524,0.114973897517427,0.124481162951856,0.123315097590495,0.121330810856627,0.112806735748119,0.114301862919422,0.114562401440534,0.113320306534434,0.11416301834895,0.10995313208668,0.105823972510502,0.101108242319867,0.109367151819076,0.0887477514201125,0.0996263636212264,0.0953773360926715,0.076045711251279,0.0932945682937,0.0891166443050142,0.0873506689465374,0.0876864352860472,0.0780843599868544,0.0811352157844651,0.0763800264425398,0.0747093217476505,0.074367676314736,0.0656661813615825,0.0739034957077786,0.0695079955255504,0.0644391397395547,0.0659969777556353,0.0673395197224389,0.0546177600965005,0.060406706750528,0.0538258902735358,0.0529490820067796,0.0672893608864978,0.0506991897291757
555.54,0.371161122830262,0.507038060323499,0.297244619730187,0.34389672820157,0.340316861393072,0.346488936995114,0.337275965591802,0.373324811299045,0.354695883360623,0.376435712465388,0.351370199166714,0.322431884415309,0.397515130376946,NA,NA,NA,NA,NA,0.282074907263062,0.266544916246344,0.251144621997984,0.262168854447536,0.262959670855574,0.239585475552381,0.22822980306082,0.206665602966832,0.205414398819295,0.192840081563161,0.190313499411606,0.196944083789382,0.175334958614552,0.174444332470423,0.180245328327977,0.184660040675194,0.156406434811138,0.160299092181449,0.164561198117216,0.143766575548108,0.149357435622939,0.149753875750848,0.157394731283184,0.149836437134308,0.155691495019804,0.142312797779689,0.150272225383623,0.151012245700698,0.137054802330509,0.138482630946672,0.145915333383802,0.142802281419959,0.143920609206118,0.137607646969427,0.132861465037078,0.140927901165281,0.122736885646671,0.141417227082105,0.140079300907122,0.130201081358329,0.124244503725556,0.128031838105336,0.128860849645307,0.120334110447154,0.124099348305634,0.123766269592476,0.125629521496127,0.120199773470111,0.132215001473252,0.112353903899003,0.124243479696013,0.10957989120833,0.107016438410386,0.110296755613557,0.0992686537835303,0.113334796975278,0.109063028600022,0.100245146165451,0.0982311207466687,0.0963428624922278,0.0952131618808224,0.0949500507119843,0.086174324785764,0.0902592504160335,0.0855919071592493,0.0860066433314394,0.0850009608905341,0.0775350656669773,0.0799038023086728,0.0863229303698357,0.06983253261369,0.061484910140764,0.0650178886197565,0.0723302122413201,0.0778082132905965,0.0654834836625887,0.0755775226893188,0.0655580931961739,0.0620225240607221,0.0633997964113159,0.0582484142861303,0.0574087689299346,0.0559304086925917
557.887,0.281884255983121,0.334356047545856,0.45074510125843,0.339907934962671,0.324176774642319,0.28564018441689,0.346459999005258,0.334726312371879,0.329277434641206,0.314473536501489,0.316280569220603,0.314449070789792,0.316656040367763,NA,NA,NA,NA,NA,0.391676680525292,0.242081831608379,0.24241226112356,0.244308953125474,0.213262533274857,0.23130432786088,0.208326679165603,0.205895473018278,0.199725069916553,0.174722728590873,0.185522995600756,0.178035778810635,0.178571137017022,0.168918494278024,0.18552604886211,0.166812558765763,0.156818691423472,0.162230793356067,0.160596006279599,0.170331466006074,0.151145130292426,0.147913732506406,0.154771025073186,0.157790570861884,0.151974036041874,0.147533367246071,0.151843322084924,0.135322096902392,0.127271228459642,0.133834386805646,0.136713598677316,0.147742262646749,0.136307859816727,0.136456301280871,0.128313266921392,0.133399502629451,0.129418266752137,0.13425881214961,0.120877136218859,0.126391087533386,0.13407224887783,0.119688170413048,0.120838278194219,0.1248383451689,0.121009773230775,0.115609120659402,0.120944308072987,0.112345246521648,0.120828721303128,0.115418321062711,0.105690285165659,0.111535982897953,0.10356365231392,0.10679703271157,0.0957197320300003,0.100497890121223,0.10338018029299,0.100496128459684,0.0953943494970262,0.091702540127015,0.0850985451198087,0.0996747542838008,0.0964246806782906,0.0787070459401454,0.0975771690196498,0.0706724734867336,0.0674784259262268,0.0739243684860123,0.0731964691982925,0.075133807068494,0.0740669516961699,0.0671429006805087,0.0827711367088809,0.0637176861937265,0.0743494526334647,0.0634407206208432,0.0615398738392569,0.057102773467181,0.0618447446186056,0.0611279698326884,0.067629069850437,0.0503981010044459,0.0539767831989886
560.235,0.39037751266334,0.350538608221869,0.324609406068971,0.293371617706986,0.299319921671895,0.25224439194364,0.307020541794842,0.279402834459794,0.304010607479286,0.287454390831805,0.247195769098936,0.308030751199276,0.336978721608856,0.324518573350719,NA,NA,NA,NA,NA,0.270013013645788,0.231780157369165,0.214861642881751,0.22278634468469,0.200124111285988,0.193477274196225,0.204894283131483,0.184496156247791,0.170820001835865,0.181085027059783,0.17200483943374,0.162091311514521,0.158233153272626,0.148885026553487,0.150813665123961,0.147775049531854,0.135840352153355,0.153447517565916,0.134459064704591,0.160049270229087,0.133843251843504,0.12986976252848,0.141139819400448,0.135324281244817,0.135991624456504,0.140463745693757,0.136633838727816,0.125532896238385,0.12125976280349,0.131472274442164,0.131101221408535,0.120129896850509,0.11925152107002,0.119801180150166,0.118894919048783,0.124743185548599,0.120849886085508,0.122485452951073,0.113718534488236,0.117149595718568,0.123229494916568,0.119478198373167,0.116643458989349,0.100465379339173,0.1115478432157,0.104878842093455,0.107477116074851,0.104186236469601,0.098174520386763,0.105492068084522,0.103156482520324,0.0921159581694048,0.0956842141439707,0.0832920762078647,0.0931109360256114,0.0856788030801175,0.0891385670297394,0.0833611348639833,0.0852641470034656,0.0817935220057192,0.0821660406236668,0.0766624282176821,0.0781393657445773,0.080002024873954,0.0744109074771798,0.0765882365180803,0.0657362160212863,0.0684516228292944,0.0746189114150625,0.064388914188622,0.0608512211293677,0.0774957498585144,0.0654114329250055,0.0701990042117358,0.0559878035590828,0.0519645206674593,0.0641923061452496,0.0599569163327371,0.0529836845383896,0.0477129126444893,0.036002743364494,0.0562719772957008
562.583,0.282337771578745,0.341905944727139,0.260178470303205,0.219258911996681,0.282811694129354,0.270770366851011,0.259838637120426,0.243078722651643,0.259504342132909,0.212352858465771,0.273314333606206,0.216356188882439,0.260391499045353,0.280578343473164,0.290671585331691,NA,NA,NA,NA,NA,0.243845682456683,0.209985344218172,0.2153161636775,0.177045633299106,0.184407449701641,0.182803780496692,0.163577320579139,0.173424907351304,0.170186207628835,0.137904739351232,0.160049319986119,0.150732107610694,0.140463531189066,0.153652685242553,0.149023789518861,0.138500188479897,0.126144679771277,0.135034533490146,0.129915088051258,0.125522253585236,0.130457239200511,0.122014699845652,0.124458808963755,0.124553348778932,0.123228648487996,0.121939628030266,0.119499175493368,0.121472323705414,0.117127295945158,0.123350442531252,0.106209545148533,0.104700564431957,0.1143485616769,0.103248868850775,0.107645583472874,0.107099394480636,0.110233521526559,0.111621217001273,0.112788741952183,0.104839159002095,0.0971666538668007,0.111859906789238,0.100573117283991,0.107821299512884,0.103452580519077,0.102523139981618,0.103916162774082,0.106208286394019,0.0902546538195918,0.0995455231103373,0.09174898146267,0.0931975109594632,0.0892096838912218,0.0939856086917355,0.0903880352438295,0.0895220083635663,0.0802309269251078,0.0825237711140703,0.0835460745715837,0.0816352624015753,0.0674140082839886,0.067072234017369,0.0759192917821592,0.0708584763783782,0.0576721284562056,0.0667398582216643,0.0598624858858051,0.0649976854333556,0.0591962357551352,0.0504752127588195,0.0698114284789805,0.0532790155086871,0.0576192943740265,0.0569962331593432,0.0488828782923196,0.0496820055294688,0.050647819579718,0.0514866167208835,0.0465477820439094,0.0502034851259165,0.0412014767665885
564.932,0.313914707400554,0.251924773338879,0.360486477853049,0.317354754775436,0.353279906087852,0.267457516795474,0.328076532787431,0.278195518632648,0.315327940248549,0.279827204897696,0.280681648619318,0.252645112847271,0.279410309657862,0.256678568244001,0.289510803571406,NA,NA,NA,NA,NA,0.285656372568482,0.202446926619836,0.208179037760923,0.179690505126042,0.183036633239083,0.184103610168267,0.171671767411436,0.173425880645576,0.166011080275377,0.167089033200526,0.159488067114716,0.144623546795239,0.154946126456925,0.146830387101996,0.151596739850575,0.132921942511618,0.142856258554818,0.127890801150279,0.133117647073392,0.137624286996582,0.133137752564044,0.12752241352656,0.124446401373677,0.119717749257933,0.128482177128684,0.135766709219272,0.124588646762878,0.118750620556151,0.125629071005275,0.121837208599171,0.113076240129505,0.130868475326027,0.118891393532411,0.120253388732135,0.10841641225902,0.0987432671931967,0.111726781402877,0.124172100243824,0.112027234716286,0.112809268898507,0.107060575117887,0.105310341124733,0.098999861274522,0.106636706417226,0.0975715816552154,0.102471466146921,0.0955985910364709,0.10338049012299,0.09379644708381,0.101524082043875,0.101713501437305,0.0884307291038508,0.0907944781967406,0.0942990085893349,0.0868211072072341,0.0824261918916449,0.0871494059213515,0.0774099974450537,0.0874453749238212,0.0854888434380843,0.0764721164599234,0.0834693305037929,0.0765842280835019,0.0707338294845999,0.0656736383336264,0.0736696751884035,0.0816375039352712,0.0652238720536449,0.0627038913657298,0.0609514175491555,0.0656461201860395,0.0748399506362934,0.0670460090269631,0.0475707968321786,0.0601139233490599,0.0592673931659923,0.0483517923355222,0.0562341318789248,0.0450006586453126,0.0517071562715053,0.0455600892953225
567.282,0.158902354547101,0.228900523650941,0.159045755845015,0.177211034120186,0.22389468778981,0.259177496147564,0.201645622731984,0.278186000822967,0.264262940645075,0.221692779576488,0.265282508242874,0.224816296223297,0.22362878877189,0.207291493722761,0.217380289696346,0.254559830924325,NA,NA,NA,NA,NA,0.203406037774664,0.178385716463365,0.170255634886587,0.156695191290859,0.172074442208931,0.169948652837348,0.173001969286382,0.15859274180201,0.138489701283315,0.132084020723061,0.145356688041055,0.131927585098445,0.125331330034798,0.138277377813797,0.140151109814413,0.111432858243767,0.124201804720121,0.11845101522275,0.123408037111967,0.114509267315692,0.117479619300572,0.111804114173931,0.117793060833451,0.107400270502058,0.116169906610722,0.101992288419864,0.106068813412972,0.110316424689735,0.118543526064519,0.104401784873185,0.102489825565582,0.0989292505615771,0.103717509738614,0.102120975702943,0.0962190621950852,0.0917683201165158,0.0988042859146976,0.0926687501084287,0.10451599298652,0.101433754687773,0.0900472132181341,0.0874893250221402,0.101314415017663,0.0937722246939749,0.095535755754964,0.0846761906197374,0.0806975239140904,0.0943179117076153,0.0884432802970708,0.0757994990867301,0.0736881658336783,0.0827706546079036,0.0811296770676433,0.0658242881714876,0.0729669114803805,0.0695040655846305,0.0702811417100779,0.0725719666943991,0.060903511076386,0.0607261800392266,0.0592999967801517,0.0619387944591414,0.0582620032506598,0.0590503086426243,0.0582759541429821,0.0545328026593792,0.0693753119784646,0.0587130979390404,0.0525451083181378,0.0520832709008867,0.0568349585729388,0.059749231760061,0.0457554570398603,0.0417879794794204,0.0459452376725079,0.0441094609362303,0.0341037907943857,0.0433091841725535,0.039929550151831,0.0371576784417347
569.632,0.2810613743468,0.334612776054942,0.316421585014816,0.321506209087427,0.244274133798302,0.281762837287249,0.28820526326221,0.311444917183665,0.287996711054951,0.289300129162157,0.286471974366464,0.237358015552211,0.267950285856866,0.309059020441229,0.27247618132051,0.253156348266253,NA,NA,NA,NA,NA,0.28939587223512,0.207555971276906,0.190722128466624,0.191786917599065,0.189335362316445,0.182928914907033,0.160690496209305,0.160165125117958,0.159051743549437,0.148790202218559,0.149054875937786,0.124149581800317,0.144691172625592,0.148527127429668,0.151179575792974,0.132529554365779,0.1413349483861,0.119703256758229,0.120570256104685,0.137539112498956,0.113145890911844,0.110014887824185,0.122201210087902,0.128942669102325,0.122803362801037,0.11485748744326,0.113335553219261,0.11213026443716,0.11535582646477,0.107751057124884,0.106972461980848,0.108298752675419,0.119164813924168,0.107691047164587,0.108602257901876,0.102661516962922,0.115081731747832,0.105158270758505,0.0982830361413267,0.107468071968679,0.101087849674442,0.102439091914419,0.104293865218266,0.103404279956204,0.0946053262543557,0.0967436572368986,0.088931231279197,0.0961953942538633,0.0981790900816203,0.099985894915812,0.0934266179374756,0.0941480249951504,0.0830635041525133,0.0875762654090933,0.0827820758762721,0.0879086833881806,0.0822196625927697,0.0877719101128168,0.0809071958424821,0.0736515100686685,0.0705587906519831,0.0674311634702934,0.0709935300420946,0.074894924256543,0.0746472170413478,0.0736252638426422,0.0643321264724048,0.0662746131349532,0.0659712295062892,0.0555735936700152,0.0536387875950041,0.0632749511984612,0.0596404022507381,0.0547834706610716,0.0529484839630202,0.0510306451164781,0.0571420068885101,0.0583230843635809,0.0509017106142183,0.0484544825213988
571.982,0.305589779382076,0.370576504215074,0.227428781919263,0.239120533084217,0.263387799976802,0.263809407897861,0.270034562085139,0.24071212044521,0.225330965057244,0.242241144307632,0.250291275495885,0.240468954935946,0.206010646091577,0.225013743935869,0.224200826093318,0.241283379828529,0.22711831745304,NA,NA,NA,NA,NA,0.19725528110884,0.178745477121685,0.163496257164115,0.179525026566932,0.17842526635771,0.164186613317015,0.139729404908305,0.156018406746975,0.144651039178237,0.14668229586023,0.118971023562461,0.13071011021182,0.142162783318403,0.112805369416042,0.106989876411566,0.121504960782486,0.112538716304851,0.118635263704312,0.121692514450815,0.123659337746443,0.112418673650273,0.102129186193774,0.110814508164014,0.104032617711043,0.105730723634097,0.103885519960668,0.104308448136445,0.10099437170211,0.102639698385225,0.104599848154141,0.111303017179499,0.107704843338179,0.100401184232938,0.0963105287800379,0.101014427602005,0.0993017911842754,0.0939029774009064,0.092399290174873,0.0977158123885941,0.0951713348523125,0.0883175190007043,0.0861548007026537,0.0879298520478274,0.0825703817793363,0.0926000011227516,0.080643125216621,0.0808664240836239,0.0793120879035295,0.0832878623586521,0.0786377472286266,0.086990179497675,0.0858209236806822,0.0772796666790011,0.0745010323925631,0.0715065113618579,0.0750242610052372,0.0819237255488332,0.0696345812548867,0.0684068673251775,0.0650417308574745,0.0571802283543934,0.0714804566750043,0.065987681816684,0.0556099938334137,0.0510235153898899,0.0520072032312891,0.0506717106095651,0.0604727070499121,0.0589138125891591,0.0548163158104514,0.0547095543101634,0.0469769398889889,0.0588765148980519,0.0456195346297814,0.0535168898428144,0.0379776342129575,0.0364231233580767,0.0389994472314018,0.0393146726060561
574.333,0.302813204362089,0.378528235496336,0.399124565186308,0.270088459282203,0.281562020040772,0.264425609056992,0.297263126583967,0.289479816408711,0.233294260589486,0.270102372194935,0.232005808467934,0.25481925477297,0.227990606429373,0.248263882556004,0.229901086429699,0.203273522703642,0.219503728721974,0.268669539181028,NA,NA,NA,NA,NA,0.184173969485219,0.168733072358875,0.160557601883141,0.170782752748015,0.149379108539648,0.157549036900657,0.161765905219086,0.1547956378738,0.122030883584668,0.130295877327906,0.122630489442579,0.128458440039199,0.138827180421622,0.116777639551433,0.117989306522747,0.129792669469275,0.117201428475909,0.111987139587938,0.12537446509601,0.118222390421385,0.115203705436241,0.110356250187755,0.103957067365472,0.105664073170509,0.0971381158302177,0.103466866384043,0.106374112027721,0.101027323306912,0.0987684928010313,0.093220409711618,0.0996083450104846,0.0888241801682162,0.0954646719975049,0.105936523145718,0.105021772988848,0.0980601649486744,0.0953900433591494,0.0987931753535611,0.0908424539745551,0.0893981840539033,0.0891997627569241,0.10282738303799,0.0907623349954044,0.0848957103127137,0.0780386242638666,0.0934282141860493,0.0841583540621902,0.0780125896301097,0.0844601136920367,0.0928866761598149,0.0769800375044251,0.077522913876604,0.0699023063812639,0.0770993608082268,0.0638508973752328,0.0762059703308195,0.0630168092613345,0.0788167620564793,0.0678425955217916,0.07389068670163,0.0681099795086576,0.0575278071810762,0.0618466243786506,0.0579265147157474,0.051059410043467,0.0504459780396723,0.0580574008474549,0.0557515224788382,0.0613094725289062,0.0578589861625627,0.0549532823363138,0.0564377921173585,0.0428361993530493,0.0529759862541492,0.0459293764938585,0.0497942947092378,0.0427837466157303,0.043721324522473
576.685,0.304234052429969,0.377088099039296,0.391792038610362,0.263272182345648,0.322749197285001,0.283907645472897,0.269524875024016,0.260664927631322,0.288554637601047,0.245867346656211,0.220313917091016,0.269570665505629,0.244754300687744,0.272188136053052,0.235857764004352,0.232850746607114,0.253445810171189,0.201228123458689,NA,NA,NA,NA,NA,0.234813102054353,0.172244595292121,0.18160212442108,0.172237314185006,0.148246528936944,0.167303218282553,0.1408545851955,0.148651493908383,0.157394197697923,0.128727172613689,0.15539221242458,0.137496519485838,0.120933184353166,0.126405831211378,0.136573443239112,0.117196048689119,0.121419917299515,0.12093222008301,0.119962645019835,0.104067853716309,0.100497038624803,0.112116256558681,0.112496555141261,0.113759439412513,0.116974459486104,0.11340932764226,0.101021293944881,0.098023130358423,0.106996856937175,0.090957792060054,0.101646285284637,0.0950694758906122,0.107106549314614,0.0945018791358746,0.0939294121250343,0.10048155740124,0.100521320688445,0.101212686083736,0.100603493747333,0.104350780805564,0.101484549559228,0.0898297256725539,0.0860133265629114,0.0997589976744924,0.0869697582876791,0.0951098312424604,0.0883383859777274,0.0907574508003365,0.0883076364161552,0.0863854257626087,0.0769091863590297,0.0857716139567627,0.0737930860117744,0.0625999702806903,0.0811317221308404,0.0728728408057063,0.0734262264150541,0.0671897533371433,0.0767698408304864,0.0734147929045162,0.0836399510366287,0.0627571468001682,0.0653857656264348,0.0602110485210448,0.0652683525777369,0.0634737560210334,0.0744336027733737,0.0545224826756836,0.0601113535335729,0.0540029031445893,0.05789381491733,0.0597289049569737,0.0533695819550257,0.0481435287953692,0.0461520263807152,0.0535575667315664,0.0533030958143927,0.0460799782335231
579.037,0.278460998940045,0.289175706575995,0.279609592152873,0.245049621677214,0.239195994692123,0.233013780812808,0.256365476312424,0.235718902402787,0.231735065297456,0.241785021551491,0.217953675879891,0.250995785467648,0.224335172274068,0.226669006610656,0.199868674796928,0.228134868714671,0.195986093097449,0.182341268081453,0.200067956056996,NA,NA,NA,NA,NA,0.189920960147075,0.173108500712643,0.163365100267583,0.148250701903975,0.142080369341966,0.143241565289681,0.130305545246026,0.128771290132417,0.116045813239,0.128012944572481,0.124304472043709,0.125565767466908,0.117338395624296,0.0999912521971306,0.115800447729007,0.103565117615447,0.0995944422238521,0.100149178976315,0.10870781935468,0.0967446818869054,0.106044932036994,0.101674582576232,0.0918264811017475,0.105940470175695,0.0902039210168783,0.0908525953511499,0.100002488765801,0.088802984892644,0.0878533439350437,0.0912186046088325,0.082376995288368,0.0916834938791356,0.0859743613063562,0.0885114261186784,0.0864644593708998,0.0814218532318647,0.0856106560745784,0.0767144872962564,0.0799381224282015,0.086425671148849,0.0775104383988589,0.0815599659266012,0.0800364721047171,0.0640395958684226,0.0760497863215813,0.0785677779831155,0.0744440789823712,0.0713642519854349,0.0688686951846319,0.0876943378626082,0.0685392672282982,0.0643251503369058,0.0642132869083423,0.0671794890707835,0.0690124805136771,0.0714295448734476,0.0544620182035314,0.058897138457162,0.0533058941558758,0.052333154711143,0.0603362771842167,0.0591831602324396,0.0560560471676481,0.0628890702344795,0.0508910422686347,0.0472800438613871,0.0558541632775639,0.0520695102615319,0.0455530912489931,0.0456449143468528,0.0434508948738321,0.0443324858964666,0.0440161466173892,0.0456189733962205,0.0424963279451994,0.0391345589585529,0.0425712576339588
581.39,0.325803108426816,0.192943846889886,0.203301581512223,0.273360299707804,0.254928456491653,0.258825095700021,0.181724971236758,0.211198088131932,0.218984656758379,0.201333552464864,0.228215981290844,0.18938743367437,0.194862855743927,0.204650620876373,0.221443623016819,0.191934819575869,0.206196969392359,0.172969478804592,0.161967941388102,NA,NA,NA,NA,NA,0.21550046449109,0.147938515959972,0.143308498808338,0.128211228189496,0.134619273430998,0.123013123591188,0.125495085546682,0.133668005338471,0.126867575568339,0.104079565212153,0.0986467770493524,0.0979063140373679,0.107559709628893,0.101275621638183,0.108551896472374,0.111235447170748,0.0820422803142404,0.1021457596656,0.0865771928133866,0.0945503822820785,0.0953216939964562,0.0946868388928743,0.0876816166697589,0.0919111819144284,0.0971920399177575,0.0931082624802172,0.0885136063895425,0.091365090702657,0.0896683380152753,0.0841190493510102,0.0830005378603417,0.0888412588070083,0.0811774063214263,0.0817301019206275,0.0750070150156685,0.0824652531138682,0.0709464360136241,0.0879481763506449,0.0849553443990139,0.0703529059006409,0.0805127635163707,0.0733750880184474,0.0758402936003513,0.0757035510445541,0.0708970488904014,0.0796662991408707,0.0604757585871869,0.0720079721213352,0.0668625411720659,0.0656361282244659,0.053759299105049,0.0609820778370583,0.0562302521118197,0.0590391973455217,0.0678220918826859,0.0559948363504195,0.0578104629540215,0.0529548931587457,0.0609951644383231,0.0584955344724767,0.0498452040495354,0.0564659126643745,0.0545410942041278,0.050914727329055,0.0521873204852365,0.0428961080144218,0.0492670982594354,0.0428097924080615,0.0460604716813227,0.0465324633042384,0.0465782448725075,0.0418593552219709,0.0378839833314053,0.0291823565148492,0.034855561894869,0.0355586025770383,0.0346481075042441
583.744,0.186430349078591,0.297219763418073,0.311755868591947,0.249073884880532,0.182728757604259,0.206713273091511,0.211403178414882,0.239023598766539,0.189047803558034,0.169238744995938,0.191435713007375,0.188193434438051,0.215298001765349,0.192789540801809,0.213268703612286,0.168077932103558,0.184035242813409,0.160426344163358,0.176168932417326,0.187851683958959,NA,NA,NA,NA,NA,0.158673575003992,0.139099650978716,0.142085070602848,0.130609352477759,0.116117843498421,0.127459290180247,0.0943027900891311,0.113813147210282,0.101013443544668,0.116912794437929,0.0996658518583615,0.107251143274689,0.103447017195883,0.0916331887288415,0.0948141099028668,0.102780004634775,0.0932270770277107,0.0982088187736355,0.0963431222551842,0.092189294982957,0.0956546601751896,0.0797896692341795,0.0817171177758261,0.0830894070756807,0.091670093201627,0.089458231650433,0.0903882952929267,0.0828222481143833,0.0788175201985896,0.0831461606464156,0.0804396383594613,0.0840385375023353,0.0893027988268464,0.0731737342933806,0.0759099943324851,0.0738120304300636,0.0699650491534584,0.0680291607301278,0.0792499327986267,0.0686606388193741,0.0710893368722575,0.0698970884015611,0.0717227875978504,0.0710105288824502,0.0709264229878489,0.0709234936442947,0.0651867344322549,0.0643467285948332,0.0587001644071216,0.0684232466280743,0.0637442256887158,0.0654220988505861,0.0563822461623983,0.058155607394211,0.0584208529423485,0.0614359940128728,0.0486910180007214,0.0573047217972697,0.0581785429977938,0.0633096780538241,0.0431924763646149,0.0522214268924171,0.0517637225334504,0.0515252737665825,0.047533463361638,0.0474661009878444,0.0383908066651813,0.0397247375689493,0.042071161048145,0.0429005528232172,0.0464000632601706,0.0306619974242632,0.0411403157155791,0.0427177115616235,0.0413378763469172,0.0399709315697658
586.097,0.237463853637413,0.183320654907912,0.262618282338375,0.132809527437914,0.238147451097111,0.190948628169804,0.171718279537068,0.222028199762989,0.260658667780924,0.20390000742848,0.178938773793727,0.188360548635684,0.178157282668317,0.170104115059906,0.157519507086781,0.185672938002979,0.170559776738406,0.17561335248789,0.156113904496737,0.15784184224059,0.190752425517115,NA,NA,NA,NA,NA,0.137398996883198,0.145489768318581,0.118098653932136,0.142994116701426,0.124227580057241,0.120553989176513,0.110699575831412,0.111511879817536,0.09475120973788,0.116471654794349,0.0947890642413138,0.101672158193857,0.0936975754812939,0.0991585006142237,0.0962224196787491,0.0869088098464302,0.0890434171827212,0.0781979347499459,0.0952361592984328,0.0820256852571689,0.0726968557348779,0.0766788584291792,0.0860404530857887,0.0847534802454852,0.0754495502252373,0.0815455098039679,0.0631011270796552,0.0867591048580933,0.0793679813702585,0.0735727720504172,0.0884883592991636,0.0707025753524534,0.0666256289126402,0.0788314391595669,0.0743512205817743,0.0705341762674039,0.0729306912147878,0.0834088152394225,0.0799818650164271,0.0760814591625988,0.0651748274147946,0.0661132269749201,0.0640557614509908,0.0693592790692485,0.0732073486338555,0.0565933910412981,0.0719545310628866,0.055721285769954,0.0685552442521248,0.0570941810669136,0.0500554474959286,0.0588231498873005,0.0517387548060842,0.052042383361403,0.055273453977686,0.0483385710953437,0.0536284038295206,0.0466204725612495,0.0496313825330841,0.0487310355022404,0.0492612635202481,0.0518705325979541,0.0428825021393323,0.0476081683708212,0.042210473846156,0.0498094623993426,0.0306275067234089,0.0470846437599013,0.0444929586762445,0.0393901908159129,0.0453576429792148,0.03254057148556,0.0395887225419652,0.0289284951436182,0.0391212261080091
588.452,0.210920371167876,0.239835022185379,0.189116877809643,0.19468264266841,0.173443644291709,0.230844412600469,0.195601867356406,0.185819895934319,0.237788659222995,0.209766872876936,0.215198517623775,0.259517042115319,0.220885280851439,0.188362126472261,0.185676921468909,0.200332098870957,0.190519903903375,0.199219763029958,0.160386741810592,0.173252577421165,0.163876418789326,NA,NA,NA,NA,NA,0.177188411982015,0.14471946070764,0.125809786059405,0.127450473012662,0.126398351032186,0.110726127605577,0.109974894538508,0.104828065948255,0.0972097950378423,0.10959961893875,0.107862186857167,0.096610436479112,0.102637525050922,0.0911787706701758,0.0898058894524561,0.0919899587680831,0.095753878214608,0.0772201973857112,0.0877153267239184,0.0831248115699461,0.0956146526383129,0.093774804185879,0.0839439549085688,0.0909873058032724,0.0915288089628768,0.0783273266714683,0.0801371991718191,0.0815960224590431,0.0871198180526863,0.0754002461263774,0.0790114662298514,0.0858483248701503,0.0952111836065039,0.0719994123028795,0.0746119425894998,0.0687869105033945,0.0803577649145881,0.0688587713687395,0.081485429999347,0.0759361568943132,0.0694582123801163,0.0733534164582494,0.073071110861929,0.0692065887671377,0.0773575841249931,0.0681476560233487,0.0651443652322957,0.0630097389465842,0.0661172352322827,0.0627488158242986,0.0648502039335194,0.0753074958672171,0.0654829852033038,0.0624431491773473,0.0559444417069512,0.0599386454434201,0.053817729101771,0.0504190810107454,0.0613532930985764,0.0532668185737134,0.0501651957598382,0.0439893010004496,0.0514078273556877,0.0420783892550849,0.0442851603088828,0.0439628262146564,0.0521524352302944,0.0495589243039471,0.0503266836220015,0.0417807564021724,0.0422250246653567,0.0319252503175071,0.039748218028556,0.0436082901396918,0.0376932971518414
590.807,0.129111056291454,0.142408339998753,0.167642816187262,0.256487702915057,0.193992678661831,0.150899142756278,0.208948207597017,0.207673891788566,0.177820430229205,0.180849046653025,0.194354050243846,0.174331222263978,0.156110842529982,0.194268401942676,0.206049737669815,0.170499719061919,0.174847687551225,0.147638408588885,0.142126244040348,0.14396335141003,0.138053318403551,0.180129806211449,NA,NA,NA,NA,NA,0.133185129825649,0.123084120286233,0.112881616809534,0.120889150301684,0.106428601423343,0.0996565790401471,0.0963878982637584,0.0829524291211135,0.10568370715547,0.09586270129564,0.0943580489104011,0.0837268608518923,0.0937343339632678,0.0850740746347997,0.0983285497154309,0.0737537528348916,0.0887290979430247,0.0730751511704888,0.0816975969326421,0.0747808577916548,0.0734843912222637,0.0765495538035913,0.082886686556097,0.0790774381779824,0.0765425322366394,0.067008355279856,0.0739665336604846,0.070543943854329,0.0701052979168403,0.0619319560754677,0.0726875218884102,0.0670385082515727,0.067443641693227,0.0708502914705865,0.0729513307758245,0.0665816682365447,0.0650190765395699,0.0784586426943139,0.0765261424417736,0.0732988260807443,0.0619499925660314,0.0644461944428916,0.0625378752680047,0.0571372998322422,0.0648087954031195,0.053363321047587,0.067159735097316,0.0627259937198631,0.0593103409894353,0.0499046417741405,0.0437485588248864,0.0534609182754623,0.0541808147838816,0.0479518554032422,0.0490883545993422,0.0505852293557182,0.0545762559298053,0.048429262692931,0.0435450416348029,0.0444235307754176,0.0452515489734964,0.0389386081144578,0.0429459037113366,0.0451390365733233,0.0417314222657605,0.03619092831186,0.0427611887482349,0.0333637319276547,0.0329101198920543,0.0308962394337537,0.0305529325064639,0.0312778728897358,0.0325074114272496,0.0368538952035197
593.162,0.0938573195033261,0.195045941259775,0.183602593341498,0.20629167162711,0.252276031757624,0.192511552426137,0.19829056657348,0.191961928779116,0.14849905096294,0.18108668772925,0.201177480794226,0.179006194418881,0.14460089260194,0.146944125822104,0.172333928364403,0.132163578037404,0.150183716284812,0.16970221352043,0.132885381098409,0.140534865456263,0.146306670259265,0.145410050709575,NA,NA,NA,NA,NA,0.173864730407734,0.132892443836588,0.115313460935,0.0935652707592426,0.1007375924321,0.116418814577873,0.0947646656571421,0.0878199840838039,0.105192359380666,0.0887157794680672,0.0993368875365786,0.0769981933001013,0.0891046575549019,0.0742874057367624,0.0804137782914201,0.0776321936964034,0.0833379899162502,0.0735171121723565,0.0755833875246975,0.0800713449875198,0.0747289298804287,0.0749804029274882,0.0741644101918935,0.0727749720014118,0.0671303843324684,0.0685961687899385,0.0771150137536758,0.066613724831131,0.0775990741975861,0.0666859327004551,0.0711357447513994,0.0650784071159534,0.0682865103507658,0.0783834975466914,0.0713614709056434,0.0630190994922303,0.0650299170966755,0.0583515015173615,0.0619579583102458,0.0655690825206061,0.0574335943033113,0.0514794410723111,0.0655638911000231,0.0615170845324494,0.0556278018733534,0.0644603921827154,0.0512419247169945,0.056503942531396,0.0548637644008362,0.0590831242339753,0.0521898110071025,0.0450227240466338,0.0574788011477132,0.0424325226428724,0.0473604980549239,0.0573567633807834,0.0501754044198308,0.0464931474927387,0.0490349540076513,0.0485539221276705,0.0348794762980659,0.0485212226523401,0.044095147880161,0.0436854637475427,0.0344944484634644,0.0393124164745972,0.0374406610149092,0.0364217390092582,0.0351552063544917,0.0342433977587162,0.0298303457584564,0.0377284036760167,0.0348999607076845,0.0274857582260805
595.518,0.29098537349837,0.202790477736311,0.187055436186303,0.248775685731673,0.243148999002734,0.218410480064368,0.186174818397213,0.20241057796855,0.194975573074742,0.178117835317305,0.205232307443222,0.173273244112846,0.187225406299674,0.158274947829072,0.177855941295133,0.182760111069026,0.141012931593668,0.15726910024112,0.145529418329377,0.138343312562159,0.141007811677265,0.1365991073734,0.14810310416866,NA,NA,NA,NA,NA,0.135134656595204,0.109123277256039,0.106745284446326,0.109116905183181,0.0944086148958131,0.104404908873125,0.0994653083282125,0.105562745053254,0.0859549478844992,0.0927133869027797,0.0845354989261889,0.0772938770317617,0.0722685186439842,0.0890421115396898,0.0912284235527187,0.0823432811860366,0.0837176177192409,0.0856979450352457,0.0705758635241065,0.0830632999294761,0.0776685867012316,0.0724316171395634,0.0622984891294155,0.0724922523051589,0.0735616828610833,0.0734686154917519,0.0684443899888684,0.0652527929025545,0.0779330569179083,0.0622950607416286,0.0625193246021706,0.0696820738172346,0.0719080435636615,0.0700348310426081,0.0656041736384951,0.0628286593957407,0.0569069037345409,0.0634001960361879,0.0580377438067479,0.0655098076876021,0.0663750765624633,0.0499266856979896,0.0604189434932705,0.0566983016561477,0.0597826852907218,0.046945063306149,0.0567040965272641,0.0622174257443976,0.0514612363148809,0.0579665209109216,0.0602597336619891,0.055779519168039,0.0412490410489962,0.0497151825831291,0.0482248486441502,0.0616914117168108,0.0439202999116144,0.0484574220496074,0.0390803352395223,0.0481120840839292,0.0482858531329184,0.0522664675107453,0.0441826255208744,0.0429884682427514,0.0394212947953237,0.039469606659788,0.0445532426404994,0.041688693100339,0.0332230670700939,0.0321142778081947,0.0353402019398463,0.0400979041911123,0.0335432667660572
597.875,0.188804798109419,0.157364415669818,0.200235826164219,0.16782975665508,0.134271995584401,0.145117130075602,0.141996350690311,0.139784805837579,0.132777301051733,0.0760684707921793,0.145109095730853,0.139813105537656,0.132212531310239,0.153157381463179,0.150614573080481,0.137638456761629,0.148969616376232,0.130476066066717,0.165494866384351,0.114048621939742,0.108387675069114,0.0963922808440361,0.126859984686369,NA,NA,NA,NA,NA,0.167210853658096,0.10456578969404,0.104033300622648,0.0869721264627796,0.0912702294504186,0.0832053627900658,0.0812853920385678,0.0752122733748688,0.0804993715295653,0.0744784428664068,0.0735890648566479,0.0601700737211723,0.0751537279088236,0.0734071158954422,0.0755044442665064,0.0820907025236035,0.0759955160698103,0.0735251047761496,0.0641874823762268,0.058973392553185,0.0673783945365601,0.073776518781942,0.0564500580064016,0.0619732489077583,0.0642363099817433,0.0629668332235264,0.0469343716222209,0.0523864432066711,0.0488768136879074,0.0624491581173964,0.0630625410895245,0.0618684588870064,0.0604949347251564,0.0577780571885392,0.0585325222296982,0.0686269342876951,0.0562440105188716,0.048015423643261,0.0581502935008948,0.0502488037313415,0.0517755705331013,0.0487660219219993,0.0501093532706686,0.0519570152777874,0.0456921144469584,0.0519438728414558,0.0505602001247349,0.0537376926840344,0.0529544225533453,0.0473095478945649,0.0419662537358207,0.0357962583634252,0.0422785315202909,0.0480448416898254,0.0457814397591476,0.0467769232307937,0.0362852964274662,0.0383382537177142,0.0402133492062201,0.0254348323854608,0.0437585298165433,0.0378477255346411,0.0301209636709523,0.0408717745841824,0.0406547169941925,0.0334069872429651,0.029714171650834,0.0353494745094325,0.0296184063452924,0.0303575858587768,0.032544980422915,0.0272199739551644,0.0270101299944647
